150
3
5
8
11
13
17
19
21
23
25
27
29
31
34
36
37
39
42
44
47
50
51
53
54
56
57
58
61
64
67
84
86
89
91
94
95
96
98
99
102
105
107
109
111
112
115
117
120
123
124
127
139
141
143
147
150
153
166
167
168
193
195
197
200
204
208
211
213
215
217
219
221
225
229
230
231
235
241
245
249
252
254
255
258
260
263
264
267
270
271
272
275
301
305
306
307
309
311
312
314
315
316
317
319
322
323
326
329
332
335
336
344
347
348
349
350
352
373
375
377
392
394
398
401
405
419
421
423
424
427
430
431
435
438
441
445
449
451
453
466
467
470
473
474
475
477
479
481
484
487