210
987
213 610
412 1132
626 1337
80 746
653 818
155 968
843 1182
453 889
107 1296
120 1275
591 968
607 1299
535 890
722 1318
856 953
352 1270
372 1150
100 1347
597 1212
691 739
501 1173
376 823
519 699
796 967
274 824
714 1232
990 1002
727 990
793 1100
212 1195
325 871
114 1164
235 830
762 993
541 861
954 1023
469 1033
707 1353
442 681
928 1293
433 867
101 1219
761 809
761 1178
187 1125
318 1352
323 891
692 1347
805 1205
217 832
196 642
140 1159
687 1051
7 787
396 1032
208 1004
489 930
305 895
695 1124
527 875
69 690
214 1087
971 1190
36 1318
762 1158
828 1187
529 645
136 619
464 1267
513 936
997 1361
46 1263
924 1298
463 1096
500 631
122 822
770 953
54 1211
955 1146
268 1372
744 1330
449 1052
142 741
468 871
93 978
177 714
773 822
931 1331
802 958
530 1327
284 1109
732 977
757 1096
543 853
873 966
73 1076
578 647
360 716
127 663
823 976
716 754
144 733
517 713
509 1387
868 903
164 1023
687 964
507 1337
294 886
771 961
139 1001
117 620
576 1270
985 1330
495 1336
845 1171
864 939
600 1114
398 1386
123 1168
486 1285
200 1205
15 1247
775 1023
324 1383
616 688
319 1296
290 1300
470 1255
998 1180
116 664
382 679
303 1186
128 1232
270 807
749 871
518 1371
619 1144
685 744
571 1035
694 1369
184 1177
682 1124
677 986
27 724
330 1139
697 1220
891 902
277 1397
6 778
595 1336
907 1070
506 1203
207 1078
161 1000
792 1384
786 1292
365 608
708 1005
369 1253
26 663
791 1264
773 922
702 1181
692 902
76 1263
32 872
399 740
778 1207
983 1225
241 1042
614 711
862 1012
430 947
855 1203
552 1319
465 1282
215 992
240 1143
553 661
756 965
236 1038
137 603
811 852
667 1390
79 919
879 1137
267 927
257 1347
362 1347
626 689
9 1051
24 830
306 1219
612 1236
544 1306
849 1020
710 917
715 1234
807 932
635 923
810 914
481 1302
641 1018
751 931
82 615
592 1171
946 984
331 1105
63 698
884 1292
44 722
691 872
459 1128
405 697
573 798
753 945
721 998
540 1201
627 1100
746 1233
346 948
680 1096
663 1212
341 1107
634 1109
720 966
920 965
601 761
582 1064
197 642
528 806
434 938
436 821
678 749
957 1108
925 1357
776 797
422 998
411 1205
720 988
429 974
77 1014
261 1358
767 1238
887 1320
676 1049
191 822
415 803
559 1357
163 1091
733 815
601 710
62 1315
88 881
358 664
587 642
312 1200
834 1307
417 885
647 818
152 699
29 649
598 1105
311 1164
798 1268
918 969
39 1133
37 1322
354 1105
763 873
523 1354
604 764
418 993
683 734
738 1299
837 874
637 1278
228 1124
66 699
755 1182
229 975
575 678
620 893
987 1114
134 837
51 1113
133 1278
106 1299
651 1347
806 1357
590 1123
905 1125
693 971
188 1356
546 1178
332 1105
801 1190
348 977
534 1095
110 690
752 1002
596 850
78 600
202 773
13 993
859 1188
843 861
483 941
850 907
105 1121
556 928
766 799
643 1224
244 1282
684 1276
378 1397
515 1030
897 1012
424 786
395 1257
375 815
671 683
171 1372
40 687
738 802
824 930
731 1098
974 993
526 1204
154 740
723 1380
885 954
880 1212
60 1004
313 911
441 825
496 1056
401 1094
440 729
86 1200
803 1104
258 1036
560 1181
642 933
594 908
672 699
969 1019
461 642
866 1243
621 797
143 647
457 697
493 1173
363 1231
291 1358
608 1340
696 959
673 1243
16 606
390 1220
121 1098
819 1225
748 1049
253 1260
350 1096
622 1085
650 651
233 1268
132 617
796 1095
334 837
20 676
95 656
569 1207
580 614
377 1371
296 1310
633 1228
124 687
908 1285
289 1259
876 1013
10 850
554 817
299 759
980 1352
610 949
703 1158
444 1129
404 758
366 883
620 1302
660 1160
239 1128
172 742
891 938
170 1118
667 979
934 1085
67 1051
477 1030
926 1347
203 760
728 1099
698 1220
603 747
45 1022
565 1014
126 1240
628 1347
812 1001
467 1108
41 1300
930 1268
206 720
282 686
714 874
894 1204
370 1083
113 1164
623 1200
499 1324
640 837
972 1289
679 993
899 1058
271 1212
151 801
814 1270
260 1301
503 1398
70 1044
288 1139
182 1140
11 988
209 1305
942 957
104 1025
437 1061
85 976
138 662
704 907
281 746
14 846
858 1090
263 1384
397 1390
856 1173
96 1121
831 1085
21 717
394 744
525 740
641 875
497 620
949 1038
675 873
835 1298
841 1167
462 738
50 1051
625 956
316 958
149 671
180 1139
688 735
900 1220
801 869
881 1325
638 823
84 653
837 978
337 1085
74 722
747 1238
992 1158
549 664
414 724
860 976
344 1140
946 1194
952 1022
156 722
859 913
892 1079
150 1167
753 1368
570 1280
536 1046
612 624
403 1120
174 914
71 617
602 981
968 1280
338 915
243 899
782 831
130 844
539 1283
988 1093
245 754
773 1399
764 1069
326 1150
89 990
448 1347
211 1205
307 1371
413 1164
649 949
455 979
285 630
471 1042
718 915
48 1268
962 1000
602 1261
759 1114
975 1220
109 777
821 858
256 626
853 1303
922 986
57 701
28 775
768 1195
712 1270
936 1205
999 1281
618 1336
279 775
178 797
797 1025
111 1180
647 1281
614 739
286 824
913 927
794 1395
713 938
320 1030
774 956
33 822
668 732
317 724
213 1237
53 882
605 678
588 1305
246 1143
947 964
960 993
31 1018
195 631
982 1083
687 833
877 971
322 765
788 1205
407 1243
295 969
192 1182
551 732
157 1254
504 677
336 722
783 1085
473 766
379 1275
809 906
745 1248
685 706
423 1124
321 1036
754 1145
283 1357
781 871
420 796
564 1210
443 600
129 765
754 943
919 1298
221 948
611 1031
103 671
664 1361
649 785
563 979
520 1055
583 879
472 1146
416 1260
848 874
632 735
361 894
119 1283
766 989
730 958
550 1111
686 1117
438 662
557 874
508 725
756 1339
353 831
302 1188
158 1234
829 1275
272 634
724 840
636 1173
102 769
656 1344
769 914
225 642
22 1000
432 895
995 1197
521 1044
895 1283
247 1044
61 1200
629 1372
387 880
836 1206
639 1049
452 838
492 1175
189 914
201 948
175 686
709 1180
198 1109
494 1178
533 831
674 742
736 1126
655 1253
388 1229
654 759
367 1158
545 990
357 818
56 800
973 1259
915 1276
141 879
167 844
242 1176
800 1356
450 752
950 956
406 1270
273 766
219 1351
732 976
772 1259
482 674
670 813
148 1140
199 795
460 1044
664 827
278 1176
635 773
280 867
205 1183
644 658
373 987
427 988
408 1276
99 717
276 1260
599 1200
356 1181
547 981
882 1012
661 1153
264 711
820 980
193 1231
226 872
234 1128
838 1383
451 1095
991 1183
485 1084
725 1077
25 804
662 1044
868 1074
409 1058
670 729
223 663
876 889
237 759
160 688
391 979
760 1100
488 1166
555 1076
400 1259
851 1206
844 1350
269 764
645 766
688 1004
758 1371
8 1012
108 1090
153 1203
339 652
419 1081
146 818
678 1174
47 1347
38 1283
385 800
90 1046
531 1121
658 1129
168 1031
510 891
64 769
42 1120
478 711
726 853
55 786
771 1032
210 1262
83 1124
799 919
579 1249
351 939
750 1182
839 1077
431 1118
700 1387
886 1344
548 757
381 787
249 730
335 1181
30 1212
669 1071
329 668
787 1393
937 1337
162 681
112 777
216 950
115 620
297 671
910 1283
43 683
909 990
729 807
581 1105
914 1253
265 1249
538 1362
447 1337
514 601
91 1092
657 759
741 984
941 1231
402 1030
490 1164
371 916
948 1390
446 1307
252 881
19 1335
17 901
904 1195
524 1332
780 1064
386 1254
522 1249
498 684
804 1317
811 844
671 1278
81 1362
466 1231
562 799
421 874
250 1095
222 1369
589 1338
511 869
383 752
185 1121
863 981
340 1234
642 828
705 1001
871 944
516 863
820 842
854 982
349 1362
204 1395
65 949
480 983
567 1108
561 1087
484 1197
18 1340
671 963
118 1390
328 729
593 1172
566 1051
615 747
59 603
951 1259
742 1267
165 1124
898 1033
732 847
733 1259
911 1356
425 1096
333 860
665 955
625 699
696 1234
878 1254
194 1072
309 1223
342 1307
393 1109
218 1386
648 1333
52 883
159 1167
487 702
298 1012
49 1195
699 1241
994 1171
315 1108
826 1339
765 1253
173 882
343 1234
740 801
816 867
912 1373
147 702
558 1259
857 1171
254 1362
314 1036
35 685
617 719
743 1395
701 1030
901 1025
577 1374
220 1259
251 920
345 659
231 1375
865 1355
259 1044
585 702
445 1032
474 1045
630 1338
186 664
439 1172
224 1055
98 1290
5 1033
97 674
505 1260
181 879
87 710
248 1205
808 998
921 953
870 997
68 810
374 1331
426 1016
145 600
389 998
717 1278
584 1126
75 1133
542 871
940 1234
711 1205
179 941
238 732
34 736
131 1278
135 1373
795 1197
125 1318
410 1049
731 777
606 1151
659 1148
183 794
190 731
586 1310
572 894
475 754
227 641
970 974
458 879
686 817
732 939
779 818
476 1087
266 993
230 1125
292 664
929 1190
454 1089
532 1387
456 1151
275 814
301 723
92 959
646 1095
304 879
771 896
888 1093
631 1069
347 729
736 789
655 867
613 1138
435 829
384 1095
380 601
176 1180
681 1336
355 1257
890 912
368 1182
232 882
744 916
94 761
617 798
512 1245
798 935
169 1085
166 1246
293 958
287 664
58 993
308 1071
310 912
825 1090
537 800
392 1162
255 815
790 1171
12 1114
737 1355
883 1372
491 1261
652 823
830 1273
832 1293
574 1153
72 688
428 1203
364 1369
23 1180
724 899
300 639
976 1087
359 1108
479 1145
784 967
996 1390
