10000 3757
2204 6459
1712 7061
6226 9210
9079 9205
5045 5230
9071 9098
3737 5815
8283 9730
5710 7842
8781 9826
6263 9197
2134 3324
7219 9656
6131 8964
9334 9386
7558 8932
3347 5384
981 5163
323 5266
3277 3679
8265 9453
8260 9608
1325 8761
5777 8149
3063 6789
6983 9271
5018 9605
8875 9248
6570 9201
3531 5385
3773 6189
8342 9849
6877 8565
6298 8681
8664 9506
6760 9471
1451 4234
7190 8152
2205 6314
3172 5615
5140 6096
439 741
38 2893
4445 9277
5553 8045
9668 9994
5185 9327
5174 9819
8908 9313
4469 7996
3050 6466
2903 7680
414 2767
5012 7098
4969 7749
4931 8231
8982 9986
7646 8800
5993 9378
6199 7570
703 4578
5578 7951
541 2820
3304 6210
6280 6764
2855 4066
6881 7667
9662 9948
2735 7879
2190 3102
1678 4079
3700 6338
4077 6616
6291 8986
561 8933
7787 8073
5639 9735
7999 9923
7549 8815
1861 8691
2946 7452
7801 8510
4571 6595
233 2825
2744 5032
6763 8156
6938 7051
4596 9459
2649 6672
3697 7887
7874 8832
1540 8705
5063 8256
4461 6886
7814 9458
7570 9303
3005 9574
9817 9869
7790 9286
4351 4451
4954 8748
9153 9510
9840 9890
8381 9922
5348 9323
205 8179
6364 8961
7184 9608
9832 9872
3029 8997
2643 9087
7311 8157
8391 8971
882 1501
714 7702
5314 7578
7987 9034
9679 9887
3918 6954
3579 8768
9792 9801
3498 4374
7659 7787
6359 8884
4632 8290
8300 9660
3236 3758
1092 5232
1575 5132
3589 4342
2246 2800
4233 4579
8815 8861
3464 5853
4355 6381
9290 9833
4327 6801
5573 8611
1631 7066
256 6303
2381 5285
5227 8765
3124 5620
1616 7987
8601 9864
3575 9965
4973 8469
9425 9547
6434 7653
4732 6357
7313 8667
2600 6750
4914 9648
4496 8239
940 6870
9224 9911
5697 9727
7654 8114
7288 9172
2519 8865
7805 8555
5170 7527
7512 9460
4830 7834
7430 9050
972 3210
8254 9145
7131 9308
9818 9963
1314 9467
3940 4205
7266 8111
7770 8261
8485 8629
7054 9934
2810 8516
7901 9428
7285 8628
2478 3322
8449 9134
8855 9353
4637 5530
3683 5290
9836 9891
6750 7394
4387 4636
9352 9981
6308 7514
9807 9872
7211 9096
2307 8327
3706 4793
8108 9052
8816 9330
7658 7714
1709 7316
8225 9557
3681 8481
7939 7984
7085 8378
7133 9689
1509 8313
2128 7382
2762 6912
6884 7072
9087 9958
2320 5551
1812 7910
6236 8139
4119 7127
1955 6647
3029 3435
2157 9568
3665 9509
3614 6782
7345 9197
2127 4582
2446 6877
9383 9677
985 9050
3775 5106
1614 6934
1573 7885
7346 8518
2489 4104
6043 9929
3322 6582
552 3934
3530 7046
8989 9711
9366 9621
2307 7326
6223 9754
1950 6236
6751 8670
3375 7981
4199 5060
8265 8708
7879 9909
3254 9680
7579 8052
8675 8865
6863 8813
6662 7590
4849 5732
3405 9771
4619 6966
3125 8781
5841 8933
1352 8495
7009 9428
3689 5926
9866 9891
4597 9385
1567 2016
4667 6820
6351 9962
2733 3168
8537 9337
5943 8120
8294 8613
8337 9964
805 9104
9578 9986
9340 9907
4527 8048
6426 8778
9858 9871
4070 7000
4609 6672
6582 8833
9382 9778
4103 9692
8189 8700
2303 8897
1772 3669
7273 9210
3282 5454
338 7584
3021 7400
4686 4799
2533 8687
5566 7451
1027 5961
3362 6772
8240 9224
7400 9970
7409 8600
5516 9291
5681 8667
976 8551
9838 9919
4314 7785
3018 8867
6411 9275
1651 8281
3423 7923
3811 9704
3459 5943
8590 8924
5209 7799
9459 9737
7059 9257
8354 9422
4522 5558
1886 6820
9402 9682
9326 9530
8861 9446
3159 4531
5224 5298
6880 9172
6413 7412
2387 9683
8929 9167
7258 7718
5095 9196
4160 8284
7208 9343
512 5023
8314 9282
4522 8388
7136 8123
6237 9494
8149 8954
569 9462
1599 7082
2561 9151
9025 9957
4451 5697
4329 9637
816 8595
5719 9955
2004 7106
5005 5980
9217 9431
3297 5970
7336 7746
7139 8212
4383 9362
2006 7524
6590 9929
3032 8655
3338 8306
8249 9107
4368 5786
1728 4133
5811 7640
9613 9837
9493 9716
9053 9485
4996 5473
3587 3686
9325 9436
764 2613
5016 5563
2918 4003
1711 5626
762 6759
8454 8547
7280 8335
6900 9269
4497 9918
4325 8831
3064 4254
6405 9140
9892 9938
5300 7348
6967 8297
4371 5903
9153 9555
88 5415
793 2564
897 6389
3096 5552
8830 8901
256 6476
2086 4179
6132 8464
2193 2385
8666 8901
6834 8468
6086 6228
210 356
3622 7601
3623 7781
3163 7846
1993 4724
351 7438
1914 4325
4805 8441
1935 2492
2502 4692
5337 5814
501 3760
2105 4226
3224 4916
4964 7335
9748 9971
2096 3292
1501 7333
8712 8972
1681 1857
3497 8335
883 2906
1274 9395
4233 9209
6268 8957
1424 3692
3845 7199
1164 7665
1877 2378
3640 9119
9551 9801
8911 9705
8044 8396
8336 9369
5267 7900
6293 7866
2803 5985
1029 4689
3378 6378
7977 8661
8880 9370
934 4178
8083 8132
7538 8220
4034 9448
1179 7978
9392 9617
1540 8909
4668 7261
4560 8086
3206 5640
8773 8852
4633 7182
2714 5662
7589 8582
1743 1800
5844 8546
1799 5417
7900 8805
1137 5212
444 5707
5420 6589
3000 7900
8214 9940
1560 3309
1923 2305
9743 9901
6361 9488
5891 6266
277 8401
6608 7448
1005 2750
2676 8335
4985 5445
4527 7796
8138 9084
9620 9647
4810 8268
1479 1675
5456 6194
2674 5594
7388 8410
579 8976
4578 5204
6261 8690
2715 4320
5943 7969
3624 7348
1814 6286
9458 9506
8522 9494
1283 8941
5688 5807
5479 5961
4813 9809
5523 7012
6712 8264
8344 8615
1032 1849
3109 6249
9496 9929
2345 2672
125 9866
9233 9294
4215 5760
12 3502
3222 9138
6239 8087
8595 8973
71 8210
8170 9690
1291 8900
6632 8400
4315 5957
6675 8507
2410 7012
7149 9069
7259 8125
9053 9808
3660 5426
6310 8253
4206 7235
5047 5104
7558 9166
5638 7255
9046 9674
3719 5983
6237 9545
3382 9153
14 8400
9411 9629
739 9384
7005 9649
9448 9788
1823 5219
3855 5623
9087 9302
735 3795
2574 3200
3097 9542
5456 9299
2277 9429
1365 8755
9741 9985
8773 9351
2478 8745
4501 6814
1082 8264
9030 9155
8672 9075
4313 6486
6746 8808
757 3280
5090 5946
9231 9656
292 8477
412 7167
8928 8934
4652 8034
2977 6478
3047 7366
4652 8577
7222 7730
9078 9321
4021 8326
8619 9184
9440 9582
337 5439
8845 8915
9144 9386
8853 9270
4985 9828
6681 8076
2827 4926
8322 9139
2507 6909
3495 8885
349 3564
2776 4645
858 9522
7462 8428
8658 8734
246 1598
8876 9931
2196 2982
393 7936
6788 7568
9187 9970
1232 2984
9686 9833
9102 9803
5999 9959
4384 5181
4772 8026
492 5507
2974 8849
4867 9792
594 3852
9103 9535
7717 8457
3759 6501
465 4224
5760 8785
2780 6972
134 3062
6067 6505
3029 4828
187 6739
3255 5640
6845 8849
5239 5593
5627 9406
8123 9836
1816 9626
2832 8817
2178 8291
5030 9788
7807 8349
7927 9653
7375 8723
6731 8802
9337 9623
6797 7864
7856 8099
2126 8771
5922 6034
9720 9918
7827 9134
6616 9546
4444 9396
6511 8702
1197 3011
3263 8562
8664 9572
5412 6267
1874 7312
2804 6451
1066 1420
3654 7211
2701 2768
1395 1757
9418 9789
1210 5838
2611 3011
6878 7634
2637 7023
5294 9536
8216 8528
9766 9942
8563 8930
1621 9823
3119 7838
5663 6484
8635 8799
8435 9131
6494 9934
1004 9262
8353 8971
8652 9425
5897 7023
8963 9023
2496 8973
5476 8678
5044 6991
6545 7126
5307 7278
7589 9188
4602 7791
47 1265
9643 9682
884 7883
6903 7582
8001 8081
882 1469
1618 9553
751 4668
6042 6175
8862 9528
7188 8916
1596 9249
1483 7741
5802 9845
7790 9666
9530 9836
9421 9581
9785 9828
3484 6971
7911 9037
4083 6704
3322 8774
1595 5094
1724 9194
227 9793
3072 8270
5977 8783
6395 8383
9609 9692
3779 5842
8502 8926
8049 9617
2781 6239
2946 6357
8691 9368
2078 9875
9446 9461
7653 9212
9806 9960
1079 5304
2252 7805
5149 7873
3196 8173
5938 6785
286 5793
6433 9860
8633 9305
2102 5873
2236 9473
7245 7801
4610 9123
7572 9042
9872 9984
1792 6306
2599 6793
8856 8957
2121 5365
3368 5234
5942 8007
176 5481
4416 8684
2213 5614
1495 6249
3783 6953
1940 6824
5793 7142
1967 7285
7247 7838
2129 5175
6793 7613
5833 9315
8587 9784
5020 8174
2692 5189
6196 7193
5810 8839
3925 7637
2798 9079
7340 9014
5425 7831
3638 6466
7989 9735
4755 8719
9043 9051
2372 9677
7734 8091
1623 1948
9712 9875
9258 9740
4378 9889
9400 9605
8361 9973
3874 9054
6250 8164
5461 6581
9373 9653
9726 9752
5673 5675
9308 9716
7103 9460
3097 9415
657 7664
1475 5075
1969 5448
5068 5348
978 6972
3232 4638
9301 9941
6597 8046
766 2924
1759 3166
3558 5128
3622 7631
7781 8262
5549 6824
9623 9893
8176 8970
4727 8085
4871 5621
7217 9268
4546 9482
425 2263
5749 5948
5022 6730
9449 9854
3910 7581
7096 8844
7880 8763
5883 8258
9155 9620
140 285
2077 3085
3509 6098
4640 7907
1375 5427
3465 7928
6617 7085
4390 8832
2520 5891
4515 9776
2942 9006
2053 3080
1017 5326
4756 5030
520 2665
7781 9525
2701 2967
2187 6086
7920 9093
779 2677
6813 7839
4475 9014
4078 9480
1089 5664
7052 7977
9417 9585
4768 6323
2849 9540
1316 9856
5933 9925
5515 7926
5544 6437
4616 7450
4784 8167
4060 4540
1729 2051
2834 7278
1627 5561
8582 8900
6319 6843
9482 9772
6439 9095
6481 8629
6650 8782
6985 8697
5515 7127
7912 8831
5866 7116
5280 7860
7695 9876
9458 9572
7219 7266
4735 5491
9254 9438
5432 6133
1095 5670
510 8439
9392 9698
9857 9954
7948 8946
5705 8122
3216 7953
5784 8333
6069 6835
9804 9888
3056 5222
3230 9438
7807 8977
6090 6912
945 5793
4860 9673
9618 9878
5946 7576
6772 8062
4282 5843
9777 9809
4426 8305
195 7154
8600 9734
2654 9810
2274 9937
6972 7642
360 4816
407 5969
1384 3444
5134 6764
1946 6872
5328 9179
7416 9095
4019 4954
2598 7074
7832 8442
1157 2632
741 1684
1350 8057
7502 8435
7579 8398
1809 8632
7849 9421
4994 5252
8353 8734
3977 9809
3465 9802
1151 5024
9598 9767
3984 4502
5877 8238
7000 8106
392 5422
3791 5853
2180 4146
6634 7651
4192 9123
338 9332
1833 9525
5590 9958
979 8397
3183 7156
3063 5491
7994 8005
1176 3272
9803 9882
1412 8527
6006 8973
9172 9432
9124 9825
8571 8834
4287 5547
2268 8636
230 493
3128 5735
4172 8638
9684 9994
4883 5030
8871 9441
2906 3657
2996 6829
8092 8160
7924 8302
814 2816
2929 8305
5826 5946
1117 7660
6908 9064
627 2336
4697 9913
1555 2163
2502 2648
270 6547
4754 7674
1972 5814
3091 4271
1168 3078
1129 9849
285 3992
7773 9030
905 7555
1949 9606
117 539
7558 8387
9476 9981
7928 8308
3603 8999
1571 5941
2215 8434
2292 7168
8178 9242
2180 4814
4483 5836
9424 9428
7775 8081
9220 9854
4262 7958
7899 9454
2032 3352
4736 8711
842 9380
4941 5462
4112 6859
5371 8737
8940 9347
4817 8084
7159 8169
403 7829
6945 8186
7828 8283
3103 5804
20 5512
6489 7446
4044 9310
4921 5742
8290 9971
1796 4382
4973 9927
7278 7918
6002 7848
2262 7524
9664 9804
7371 7946
9178 9990
3000 6580
3756 5998
5947 7554
3466 7626
3633 9750
537 6361
1761 2960
7600 9800
6232 9070
8529 9897
2542 4370
8919 9337
8897 9660
2213 5762
7167 8613
4754 5125
3588 7005
154 480
9345 9452
8626 9510
12 4802
5477 5829
7218 7557
3882 4403
200 229
2335 7472
5277 6967
6195 8151
4846 7281
703 6306
4941 8109
3313 5352
4166 7430
2780 7033
533 4645
2423 2972
7208 9891
9772 9783
9320 9833
7851 9856
586 2906
7659 7898
7095 8471
5154 8078
2855 5772
1836 8686
2429 8154
7799 8794
1894 3963
9065 9265
2209 5742
4920 7922
5708 7444
5139 8976
169 7496
4338 5545
8002 9345
4189 6805
4175 5737
8971 9519
4432 4693
5729 8507
6330 7716
601 4362
4135 9885
6991 7698
1131 1184
9056 9749
3973 5108
1436 4230
9582 9675
8249 8635
4563 7917
4618 7243
974 7094
1389 9380
9032 9694
3233 7657
3838 7621
2338 3800
296 4893
9493 9892
7768 7835
1618 3450
1634 6288
4968 7475
2288 2316
6068 8878
8986 9175
3421 5108
4795 5607
183 342
7028 9678
5430 8559
2185 8122
5897 6400
3487 5311
8020 8851
1122 3220
4455 9580
2618 8284
6041 9683
7517 8179
9003 9293
8932 9861
2991 9224
3468 9099
787 1590
4654 6316
2058 3276
2457 8498
5007 8201
8722 9838
4647 8872
2688 2940
8500 8696
5739 9234
1841 5332
7631 8818
7258 8611
4124 5668
7676 8020
358 6158
5371 8533
2463 2894
6687 8984
7365 9174
797 2546
6039 7932
7956 9656
8071 8546
4743 5204
7751 9933
853 2983
4583 5054
4535 7240
9286 9866
9396 9858
1942 2636
2526 6206
5241 7597
8525 9912
5720 9879
1706 6667
372 8062
1659 4612
9163 9481
4417 7354
718 7685
6067 8478
6841 9354
3477 8761
2602 7786
5616 6353
2683 9677
6802 8414
5438 8562
7171 9440
1222 2899
9490 9716
1762 2360
7294 9743
4446 5030
5112 9620
2980 7201
914 5660
8977 9303
3283 9774
8174 8243
2056 4759
5882 6046
8860 9401
9362 9399
5352 8468
7764 9795
859 9754
6903 7045
263 2232
1843 2926
8001 8694
9680 9880
5713 5964
5725 6326
4230 4717
3179 7979
3512 6645
8850 9484
9349 9769
8265 8476
8372 9327
3874 7509
1809 8646
855 4308
5651 7332
1561 7971
3874 4026
8920 9321
8504 9009
5946 7597
7768 8424
8296 8639
9839 9910
9710 9992
3900 6671
5819 8508
3398 7443
9029 9219
9199 9662
3534 9160
4241 9674
2943 9612
5405 6450
9540 9611
6346 7161
7630 8426
4637 6458
7922 9609
7460 8536
4610 5289
8748 9869
6606 9243
469 5792
433 8472
9405 9889
7238 8493
9714 9814
5611 8159
9877 9899
7526 8278
4310 7453
2371 6511
3656 7654
5861 7127
2003 4516
5331 7601
9775 9855
6318 6989
4180 8946
5673 9067
1850 4750
234 2653
2062 4943
8336 9775
8374 8750
1519 8298
3176 5837
977 7847
7612 9746
4516 8995
3397 8341
3602 4925
1594 2378
199 3032
3235 6159
6329 9917
3656 9760
8538 8587
7233 8932
3492 8398
6067 6517
1991 2002
600 4480
5634 9184
2307 4561
2032 4634
8473 9645
5282 6797
7147 8219
5450 9570
2540 8837
5137 7255
2007 6149
2764 3158
2511 9163
9204 9558
1247 7502
4528 4823
2049 3734
7331 8397
4526 4790
6977 9851
9200 9296
2207 4290
8780 9828
1681 9523
6174 7150
2282 7075
7861 8527
8779 9603
3000 9818
8961 9011
3186 9708
1496 9496
7791 8982
2227 4090
9419 9507
788 2762
6092 6230
3989 6958
5291 8731
6804 8764
9786 9832
160 2802
4336 6751
4574 5855
6328 8216
8878 9588
7639 8039
6423 6593
5754 8825
3917 6778
5874 6300
5889 9449
5093 8011
1973 9905
3432 9235
6475 6746
3634 4481
9636 9774
860 5976
9639 9810
817 2601
7151 9083
5185 5390
2703 3762
4788 8063
6755 8644
8236 8920
1958 6374
3697 5717
3446 5862
2414 5497
6286 7944
9025 9881
6118 6759
7031 9189
4984 6271
3243 3303
8683 9984
5785 6034
6001 6822
8946 9792
6110 9928
7465 8640
4476 7010
6242 6608
1915 5207
9042 9234
7493 7657
3019 5724
7818 9997
586 9352
2058 5667
2520 8682
9829 9942
1394 4995
2310 7596
4687 6173
390 926
3360 8181
3339 9234
1133 6607
8252 9895
3014 9241
470 8871
4754 8580
9508 9948
2876 9817
2798 4892
2334 3452
2528 8847
2925 5775
9052 9155
1777 2697
6248 7343
9537 9855
4226 6994
5244 6439
7182 8858
3663 8954
9369 9750
2356 2537
1957 4522
1132 2466
2167 9603
6401 8738
3948 6779
3049 8101
130 4666
7849 8977
9243 9612
8322 8969
3181 4640
129 1447
4253 7265
4335 5871
8855 9759
2351 8687
5438 9229
3549 6833
1979 9699
2485 2667
4666 5071
660 2425
2328 8710
1884 3068
3404 4124
4237 6333
8706 8810
9522 9614
295 9392
2468 4085
8522 8528
4847 7640
6712 8852
9203 9448
1374 6879
7856 8327
5729 8172
1776 7500
9674 9683
1888 6141
3387 6813
4692 8264
8969 9820
6528 9117
3080 3466
6231 9506
4992 8346
4735 9724
6376 8586
3108 3458
9514 9955
1742 5687
8575 9543
1104 7630
2022 9980
6066 9404
4197 9934
49 1821
3796 8774
618 1970
1874 7469
3136 7706
281 3567
2868 5710
8590 9013
8430 9727
1780 7289
5629 9777
6246 7905
2853 5572
9307 9952
659 6276
6044 8992
6378 9118
8387 8729
3 6122
2191 6378
3895 6414
2790 3952
8587 9763
592 9375
627 6451
6810 8246
2797 6312
4669 7860
7655 8509
1036 6429
8259 8491
3885 5105
2170 7737
53 5382
333 7663
5683 7995
7195 8965
7139 9678
6602 9986
6913 8859
2417 4101
8256 8850
2627 8993
4376 4984
9166 9603
6669 8531
6849 8703
350 1274
7277 8110
299 8222
842 2225
9371 9389
7412 7872
8301 9182
5500 7123
7869 9664
7062 9786
1401 5435
7094 8928
7420 9178
5328 5632
2902 6186
2011 3918
7501 7973
7195 9321
836 7454
7461 8332
2418 5577
9813 9831
8847 9342
3060 6069
7132 8304
2491 2707
3454 9400
1964 1994
4603 5385
8037 8468
3713 8700
5600 7315
2798 9570
3823 9689
1876 2243
9233 9892
3003 3739
6399 7543
2922 4700
7596 8183
8924 9536
2926 8500
1553 2403
2896 6010
4809 5341
8285 9701
1518 9970
1692 1747
4192 7504
8565 9575
2901 4352
6170 9100
4569 7181
9763 9767
194 8526
5521 8251
1760 4744
2076 4753
701 3552
1213 4392
9596 9687
1468 4004
1446 8847
5823 6832
3725 7514
9769 9973
8471 8762
619 1005
6519 8340
9487 9603
2755 3300
8735 9945
74 4036
5185 9919
8836 9667
1154 2197
2598 2635
9894 9950
5182 8482
4434 8133
5455 8380
1579 5750
5604 7644
1139 5456
695 3397
5605 8451
4438 5757
2305 3800
3827 5519
6219 6388
7240 8990
6597 9365
5664 6687
5779 6633
5316 8293
8197 9614
4851 5175
9680 9744
328 1398
3386 6961
7598 7978
881 2660
5866 8981
6472 8658
6680 7081
8154 9264
3264 4885
5469 9251
3723 5871
5911 7940
3406 9148
3707 6301
372 9740
5619 8284
8573 9005
6649 7839
8450 9970
6686 9709
2310 6171
4862 6619
5347 5636
3775 5821
3785 7349
9265 9803
2660 4803
3923 5541
2963 8259
1576 5811
6536 8384
2448 5121
6977 9912
2907 7319
1909 3507
3957 9945
8011 9957
499 3950
4809 8024
2316 2606
4587 5750
7533 9147
275 2215
3890 4403
5233 7782
4269 7237
3312 9017
6724 7193
8537 9797
8305 9995
2193 9075
9849 9910
6180 6524
7806 9464
4652 7850
3981 4295
3972 9525
7423 8135
5682 9367
1270 7899
8055 8453
1605 7939
81 2038
4059 7380
8892 8944
413 2972
9064 9528
5468 9345
3980 6815
5336 9444
7250 9976
1023 6576
399 2880
2944 3151
4501 6362
8923 9098
8057 9591
6045 6640
9811 9881
7673 8922
7564 9618
7081 8339
349 8596
9503 9997
1632 3118
8584 9986
1447 4928
1341 9696
5290 5577
8395 8963
6503 7451
7842 9508
6937 6974
6816 8485
9515 9713
5634 9347
386 1808
7018 7970
3779 9666
8065 9888
3497 8637
4610 9201
9358 9992
7287 7404
8413 9621
344 2642
1808 7647
11 2960
4024 5056
7577 9875
3857 4910
7695 9948
541 8386
2308 9314
8605 9941
4016 9588
960 9015
538 5946
487 9658
9334 9491
563 5195
1552 2298
4682 5432
3471 4609
6239 7074
224 1514
2091 4242
1769 6854
8013 9376
3296 8702
3075 7754
990 6593
2722 6777
1483 3523
6551 7823
5301 8877
3330 3747
5753 9695
2092 9216
9401 9699
8079 9998
8222 9424
5303 9545
2952 9572
1475 2992
1703 5049
3856 7242
6885 8266
1017 1889
5989 7276
9408 9956
7356 9037
4604 5848
6492 8684
9212 9882
7556 7880
5445 8275
8107 9031
5446 9598
3838 5478
7791 9040
5574 8060
3207 3294
4770 7325
454 2656
8695 9234
9150 9154
8828 9910
7785 8704
8417 9687
4904 6350
1043 3532
1748 9861
483 7243
193 7528
6120 8933
7520 7652
3215 3756
5520 5956
9318 9846
154 6516
8637 9703
3620 6526
7837 8261
913 4639
9025 9295
5461 8543
3423 7333
6012 9522
7886 8730
6910 9476
6320 6959
3433 5591
1399 4756
9415 9577
5908 8314
548 3697
7434 9913
4242 5835
5222 7162
7931 9039
6965 9367
7586 8307
9857 9981
9425 9670
1348 7855
5393 5412
565 6823
6771 7763
2011 2768
2127 5281
9089 9096
817 8712
8856 9840
8400 9253
6388 9114
2757 9484
4790 5252
6129 7621
1563 3845
2408 2972
1482 5507
3219 5766
1659 7905
4683 6162
1418 4388
1961 9374
9712 9901
305 4825
2209 3612
7316 8091
3581 7893
2386 7089
4936 8465
8463 9704
8662 9398
6504 9178
8425 8997
2268 9168
8228 8975
9170 9231
3269 4533
1231 6952
9559 9697
3994 6170
3613 6496
6974 8037
4189 4325
3412 7261
2775 6603
4238 9572
235 2094
5326 6677
1991 5371
9766 9772
9489 9835
9610 9803
8033 9026
8867 9433
7981 9981
7178 9720
9095 9577
9699 9727
6460 7050
7193 9773
1891 4106
2421 7739
9671 9672
1983 6697
5293 7357
3772 5748
2332 8046
8655 9315
8476 8713
5756 7378
2340 2861
4511 8109
4017 7941
269 2474
6097 8346
4813 7044
1277 1592
9293 9965
1577 4684
2704 8334
8110 9536
8359 8725
8322 9802
5762 8555
6398 8150
379 490
6407 9305
7387 9410
5380 8885
6409 8190
9825 9828
4836 9366
8003 9346
8620 9223
1549 7612
7202 9226
5034 6094
4405 9159
8024 9367
3751 5783
2916 8516
9026 9642
8909 9742
1872 4352
8133 8567
4837 5444
9124 9986
3137 9221
1178 4082
3106 6236
8209 9858
4227 5618
7760 9510
7053 9263
8289 9071
3621 5900
5215 6775
2054 6042
2023 8338
5361 9613
3440 8687
4242 6824
3692 6698
3942 7556
3643 4307
6212 9683
8056 9415
9881 9914
2804 5390
4775 5881
5667 5992
1929 6614
760 7201
3661 6116
1143 8295
4109 6262
2735 7480
5851 9720
4720 8515
2340 8454
8059 8867
6188 7645
5365 8253
3675 7282
4699 5146
3380 3919
181 198
6247 8802
4068 8989
2683 7769
1005 7963
2291 6569
620 8547
1987 7522
9451 9731
9654 9774
4247 7938
2126 4627
9585 9868
7134 8353
4240 7711
1536 7415
9858 9896
3152 4720
8661 8891
9250 9742
1212 1789
1264 4949
6156 9172
3807 7275
930 5076
4222 4999
1322 1804
827 8452
8057 9002
4734 5758
3598 8522
9650 9765
8985 9276
1502 7781
8653 8735
8885 9218
1428 4380
8661 9052
7770 9597
5100 6435
4981 9442
2284 3102
8250 8376
8769 8937
8864 9034
1383 7155
2014 9058
1236 7051
9321 9692
8410 9456
5603 8024
2229 7492
9272 9363
4717 8776
632 793
5375 7530
7228 7418
722 8397
3052 5865
9093 9338
9250 9723
4248 4583
2483 3157
3793 4666
4492 7145
6510 7813
1897 6990
6804 6864
9 8004
8048 8791
450 5406
2071 9466
3348 9704
6259 7573
2841 2968
8289 8537
2029 6830
794 9145
8666 9646
7331 8507
9027 9323
3557 3733
6258 9530
6981 7545
3644 9788
9435 9670
5373 9130
729 8150
5976 6260
1631 9422
7849 9025
8566 9493
2139 9000
8968 9618
2185 8668
1244 6254
1782 7298
2694 6398
3217 3537
6415 9638
7693 8626
7202 9211
5167 7456
2115 9426
6210 7707
7094 9165
7102 8309
7689 9913
8884 8994
5373 7648
7622 8422
1435 7012
2757 4823
4593 7744
8113 9415
1370 2754
8759 9406
7990 9071
7512 8905
4606 9141
2870 7811
3977 6070
3798 7926
4651 7502
3222 6942
4378 7361
1983 9952
2101 4683
4487 5132
9232 9402
7285 9635
6642 7141
1395 7675
7367 9729
4269 7644
966 1917
2531 6375
6560 6955
5575 9762
61 9491
5660 7874
5739 8511
5992 6499
8351 8696
1377 4841
7871 8490
1886 7511
1022 1723
6406 8785
6794 8937
5326 5549
7732 8958
6769 8074
5279 7293
5284 7227
2607 6375
4633 8452
5373 6893
5367 6019
366 3255
1846 3773
7115 8534
5871 9996
7064 9084
7878 9955
3068 3553
9001 9002
1312 6421
1789 5791
4647 9496
4621 8477
1965 9746
9227 9426
1807 3178
1908 4993
7656 7897
6898 7440
9766 9769
6925 7062
5988 7585
7809 9718
1539 3875
5862 8627
8264 8348
3190 6216
3232 3911
6530 8760
4268 9217
1938 8539
7053 8527
3852 8579
7910 8176
357 1265
3319 7339
7990 8267
6148 7066
6596 7442
1108 2788
3569 9231
6452 6715
8074 8079
4736 5130
4553 4887
3222 8506
4619 8527
2743 9062
3592 6503
6152 7079
6074 9521
4455 8559
5384 7123
5899 5991
4521 5190
2868 4194
5171 8369
641 1147
1006 7773
2932 3353
9270 9367
3295 3426
9261 9641
185 2603
8258 8311
5372 8524
4029 6463
4082 7931
8059 9442
892 8638
4006 4734
4547 6043
3924 8826
3389 8434
1616 7693
439 1647
1797 4557
6046 7713
1483 3445
1555 8263
4951 7141
7059 9933
1765 8668
8049 8240
1493 2434
1949 8359
22 8718
8568 8976
984 7576
2175 4220
1632 6474
4360 7691
8301 8809
2575 7243
5056 9585
1751 8514
6653 7556
441 6757
9485 9932
3360 3504
4386 4428
6890 8498
5770 8781
1600 5650
2513 8412
4183 5284
7999 9115
2041 3367
7908 8826
8235 9036
3901 9903
8123 8842
5644 7488
2216 7044
9217 9626
3063 3443
8574 9042
9324 9453
5932 9737
4577 9933
4862 9999
2571 9622
1342 7885
6550 9490
1806 8220
462 1370
9324 9917
3541 4989
5883 6171
2531 4884
7590 7847
5718 7406
2544 7398
2935 8710
3161 5075
251 8434
3113 4932
7209 8545
6973 7261
2014 3272
2787 5709
8948 8968
1452 6365
1898 6041
63 1134
6914 8440
7811 8583
6950 7089
74 5496
9558 9971
1287 6413
4296 5899
7250 9904
2705 7771
5962 9926
7047 8675
7556 7839
8544 8859
2730 9415
8176 8609
5453 9376
8158 8414
6373 8893
9287 9624
4849 7047
7405 7699
1543 2835
1699 3254
7051 9447
2590 2871
600 4167
4343 6524
9093 9695
6554 9213
2196 5460
8414 8429
2077 8701
9501 9557
5721 5802
1860 2692
6950 8995
9749 9817
9056 9736
1221 8167
9684 9887
4116 9669
1438 2171
2961 5253
672 4388
5686 8790
3658 4302
1910 7132
6649 9009
5851 8214
1088 2469
8994 9394
175 3060
1917 6950
9627 9770
989 4944
6191 7947
4570 8936
2611 5383
4624 7562
604 3856
8336 8547
1726 4183
4599 9125
5162 9673
1643 3456
1965 7329
6027 7904
6933 8441
2234 5120
9604 9662
5091 7888
9520 9841
2053 6462
7682 9999
462 8579
7992 8359
3048 4469
7965 9584
7368 7725
1456 8266
3954 9044
7637 8515
4582 6286
3328 3566
666 9237
3117 6703
8130 9003
9680 9777
4994 6401
2970 6715
7587 7792
2122 2598
4089 6671
4649 8513
3735 4628
3318 8609
4244 8705
9763 9865
7567 9405
9060 9638
2793 4618
9649 9990
1949 8002
2890 7781
1453 8225
2449 4437
8092 9532
6755 7709
4816 8837
7623 8688
8551 8791
7813 8237
7543 9123
2792 4258
3621 4526
9112 9880
288 7801
9426 9901
9567 9869
3945 4301
9560 9996
160 9387
9756 9910
7035 9581
1221 8791
5225 6152
2303 7776
7956 8142
8917 9322
3117 7307
2041 7490
6314 7600
3945 9972
2325 5349
8391 8778
8938 9887
581 5090
8950 9665
8725 9673
7225 9947
9311 9756
4512 7870
6445 9671
1766 7776
5824 7583
9376 9429
3967 6332
613 6353
9123 9968
3665 7060
6940 7436
9313 9894
1785 6811
5332 7827
4666 7535
885 4736
4339 9398
3172 6280
4915 8249
8960 9534
4019 4931
2390 9705
325 7865
856 9998
1295 4681
2255 6455
3891 6611
202 2948
7491 9851
3468 9516
8498 9326
5662 6032
6901 6974
1585 9445
7344 8476
6747 7543
3415 5962
8096 8175
8770 9039
7799 9543
9752 9963
7087 9630
1729 6389
9108 9879
4828 9759
2512 9344
4735 6258
8972 9245
844 7353
6880 7156
1063 8931
3161 5187
1522 4104
9297 9951
1919 6518
4373 5422
5143 7782
9086 9976
1936 7701
6801 9820
4049 7067
7469 8192
1502 2793
4672 9908
4158 7178
8550 8657
5311 6140
288 6693
8036 8299
4024 9020
9315 9459
3432 8935
7041 7925
3841 7345
4463 6107
6100 6811
3453 6484
736 6439
8145 9992
6788 7343
4700 8922
4199 6565
9093 9809
6371 8067
9024 9343
2636 8916
5670 7111
5467 6011
9014 9962
9571 9719
6482 7884
479 8376
3764 4854
7749 9723
2812 6449
6891 9532
3418 4046
3065 7703
9198 9373
5420 5714
3236 9408
7353 7971
1637 6144
7622 8921
3971 8775
4222 7659
6332 8725
4621 7383
7466 7753
1153 3725
2266 3326
6958 7266
5745 6729
6596 8521
6911 9450
6886 9114
3694 6392
1933 7075
5223 8361
9831 9868
12 4985
848 8048
1187 4614
7771 8051
1398 3626
3431 6163
4069 7197
8429 9894
7381 7475
142 2805
4995 7150
5156 8364
6542 6648
4409 6331
2821 7117
4161 5951
9099 9126
5431 9651
3823 4736
7823 8983
4634 9296
4118 6703
4039 8169
951 1451
4654 8538
5838 7625
3577 4229
6881 8452
6142 6180
7723 8149
2907 4830
3464 4078
4541 5303
191 510
8986 9662
4130 4889
1975 3462
1412 3811
3734 5472
1189 3885
2649 3921
788 2794
2694 7249
8889 9819
7433 7783
1671 3996
2798 4713
2587 6909
5370 7495
5878 9845
1616 8624
3695 8727
1498 2816
1200 9643
8701 9940
3057 4749
4984 8663
8718 9839
5443 6049
8462 9884
6011 9397
6856 8712
7034 7325
8079 8101
826 1015
8696 9216
1296 6123
3121 9898
3610 8197
4934 8021
4944 7459
2828 7661
5669 6525
1456 3990
1182 8953
7464 9138
6029 7149
9464 9761
3645 4921
3358 6773
8156 8964
1305 6896
9618 9805
377 7506
561 4960
4330 6106
6395 9253
4480 5629
7592 8581
4795 9032
8103 9850
6470 9278
1667 2306
3570 3885
2320 6110
9161 10000
4833 8939
1989 9055
850 4080
3639 4951
8486 9279
8384 9727
834 8646
141 1881
3870 4625
1741 9657
6696 7812
8195 8730
1174 8165
2308 8050
3654 7259
8701 9670
967 8982
1601 8018
7125 8591
1238 9061
3701 9822
6416 8750
2484 3130
2864 9578
6856 8598
5343 6297
4813 7369
2041 8513
7353 8344
6971 9687
8178 8743
3683 6108
4903 6606
1697 3783
3474 5011
8184 9123
6198 7582
3102 9758
2253 9645
4885 6429
6507 7197
3120 5659
2029 7839
4889 5861
8301 9046
1414 9390
1582 8421
6985 9715
8909 9010
3790 5235
9270 9742
749 3057
9205 9249
904 8472
3745 9238
624 3174
8215 8335
6173 7629
7706 8510
6153 6425
9198 9874
4437 7334
5858 7717
9701 9761
4146 7954
7340 9115
4407 9437
6085 7719
4354 6596
1843 4749
4314 4817
8611 8996
7435 9869
312 3406
781 3274
1553 9433
1051 7886
6344 8299
1759 2245
8727 9015
3229 9830
2281 6516
9858 9901
3000 8300
848 4620
8468 9383
1385 9240
5578 5952
5274 7761
8800 9353
3663 5342
5266 8694
5767 7741
1746 6647
4129 8061
312 1450
6337 6586
4250 9342
1013 5658
3567 3649
1427 1856
2922 9414
6214 7513
3515 8018
3895 6073
1395 1535
9853 9863
3441 6988
3660 9797
4054 5729
7570 9619
4249 8887
7685 8525
1693 6869
6957 9904
6715 7745
637 2377
7544 9774
6939 9614
6645 7393
8021 9338
4261 5753
129 5145
9870 9879
5640 7871
9383 9699
2944 6447
5844 9747
9177 9785
7458 8619
9580 9868
6812 8799
1082 6132
2674 3472
4066 9391
1235 7391
4554 9021
1791 7106
8869 9335
3691 5976
3476 3757
4491 6696
1269 2357
9051 9156
8083 8385
4067 9510
7691 8336
371 7916
9491 9596
6919 8296
9124 9274
4683 5822
7924 9550
8490 9315
9765 9978
7075 8442
8330 9119
4297 9609
2331 8852
4415 7423
9566 9575
1384 2512
272 3283
8602 8689
6930 7653
5307 6686
4652 7867
329 2464
912 3733
8799 9549
896 9142
3628 5922
9464 9886
3764 9080
5401 7875
8877 9186
215 5433
3959 6415
7130 9368
8634 9761
1897 9665
4807 9199
2508 9801
7166 7556
4086 6039
4063 9233
8209 9340
3924 5884
7283 9674
2378 8557
2572 8946
5608 9432
4594 5354
46 366
9480 9534
9854 9861
719 3189
1052 3633
7849 9960
2604 8504
8782 9904
2966 5902
1728 9103
3579 4986
158 3991
8606 8741
1641 4463
6533 8060
837 8398
5367 5992
866 8982
7270 8600
5834 7393
6587 7255
5527 7780
3168 5290
5572 8835
9120 9678
3398 4255
3485 5738
1719 8200
7636 7855
8075 8889
8929 8989
7744 9311
9682 9825
2267 2641
4129 5018
9105 9576
2779 8412
840 9489
9805 9867
1493 5031
6580 7596
5355 6794
5386 6164
1313 4755
4364 5509
5614 6901
892 7617
3998 9653
6659 9424
4279 9307
8136 9763
8290 9082
9254 9763
5448 7861
8908 9966
5297 9188
8614 9030
7725 7964
535 3863
4705 8741
9245 9886
4569 8347
3149 5545
5386 9270
3031 4352
7842 9610
5106 5186
1542 1655
9718 9798
1665 2931
9310 9617
5798 8498
9617 9982
9081 9748
7337 9428
1037 8805
8654 9183
8126 8460
3244 9837
6578 9193
6945 9897
1052 4041
3969 4439
6616 8052
2716 7615
4547 9858
602 2907
6672 6890
6572 7039
8147 9977
2977 9292
1702 2397
9456 9514
3449 3715
8535 9624
3684 9119
1105 7037
7984 9399
6173 6541
6130 9712
8976 9268
6008 9995
2109 9452
7833 8655
7044 9824
7181 9607
6935 7583
1141 8764
8495 9056
8972 8996
4735 7343
7252 8262
6924 9140
4021 4119
1736 6518
3284 9198
7645 8081
4662 8453
1266 8718
4929 5495
6410 7416
6872 8905
4448 9795
8503 8908
2396 2706
623 5584
1025 9980
1234 5318
4503 9421
546 7201
1117 3227
8154 8688
3833 7221
7887 7908
202 3202
8309 9005
9427 9993
3535 6892
1961 9722
801 2082
4539 7835
7674 7889
5847 9656
9314 9472
2337 7516
7714 8047
4706 4948
1360 2834
7983 9142
5079 8783
840 6520
1376 1691
2088 6819
5964 6031
431 4149
1888 9202
2992 6338
6414 7224
1609 6103
6881 7534
3497 6393
2292 9447
6921 7905
592 9609
7258 9134
3325 3982
8738 8963
3812 6364
8360 9565
1523 4300
9162 9244
4912 9970
7628 9504
2397 8234
1298 8786
8639 9074
4530 7601
1130 4730
9890 9998
6763 7252
2789 5470
9573 9768
7964 8261
3117 5592
5995 8049
4426 5059
5686 7718
7346 9430
8542 9005
2842 6735
8023 8860
2696 3580
5666 8200
7237 9969
9802 9809
5675 9159
7954 9692
945 8636
3792 9303
6219 7564
1782 8494
4806 9435
6624 8389
9069 9593
4713 9575
2553 6052
8541 9799
9264 9298
7466 8527
7622 9162
4267 5358
840 8373
4179 8603
8353 9520
8714 9829
6443 7706
1743 9406
8659 9770
4015 7112
1657 4404
4033 7769
1147 5719
2991 5784
3546 4172
2440 3092
6503 7612
9173 9563
1237 7948
2616 6652
3133 4467
6144 6183
8667 9188
3215 5814
9766 9842
5750 6543
2498 8921
1150 8570
4113 7387
5680 9204
7361 8850
7979 9350
5406 9691
751 3678
8959 9865
6329 7896
9520 9861
5237 6895
334 7697
8232 8417
6268 8012
508 1809
2588 3216
2394 4730
5844 9284
933 1699
4921 5180
1358 4849
1760 4672
768 3862
1284 5119
368 5586
1051 8849
7559 7942
5975 8905
1833 4080
9348 9528
7822 8657
4642 8975
7806 9938
2508 8685
2310 3254
7544 9707
662 6466
2782 4530
2698 8058
4272 4885
3710 8436
22 2293
254 2776
7176 8111
783 7573
1087 7247
8472 8652
3456 6979
435 3064
2765 3706
494 5975
8319 8487
9349 9634
6237 7878
9834 9992
1059 3136
5088 6646
7777 9529
9503 9692
4307 6711
9703 9717
6253 6557
662 7878
9183 9805
7635 8697
296 8124
3769 6496
9613 9880
1729 8192
6343 9757
2274 7843
5451 5597
7912 9490
5944 6252
1764 7536
7209 7375
9871 9923
858 5046
3710 6391
9806 9892
605 5204
477 1049
9872 9988
5219 8340
3899 6175
1871 3234
1619 1778
5387 6951
404 4826
3299 3350
1068 8129
4080 6480
8093 8928
8437 8440
1124 4254
5066 8527
510 4117
6116 6285
787 8394
1774 9831
8028 8498
5888 8997
9758 9852
8504 8853
1794 9697
2152 8883
6596 7525
4796 5098
2521 8360
60 4747
2346 3356
770 4587
1852 6203
5617 9203
9560 9694
2055 4013
1708 4403
993 6079
2431 6933
5128 7214
4287 9112
2451 2518
4431 8409
1582 5450
9131 9239
8721 9068
2626 7116
4625 9833
9870 9994
4590 9660
5286 5570
8138 8369
5659 7324
5483 5545
5013 9233
5448 6162
8689 8714
4943 9444
1605 9466
5434 8184
1938 9974
5277 7177
7477 7523
6269 7320
2691 9802
9582 9855
30 6885
2417 7845
8508 9752
43 2014
5397 5840
1165 3901
2770 6688
7029 7810
9104 9486
3464 9638
519 9662
5477 7138
9346 9848
6053 6101
2492 2981
3093 7291
7920 9141
5997 7261
854 6640
4937 9479
1715 9892
4276 8415
5291 8597
9090 9862
7169 9615
5256 6847
7462 9317
4808 8907
1866 2054
4296 5125
1860 9854
6333 6530
3155 7080
575 3737
782 5400
4062 8132
5764 7016
7631 8990
6402 9000
9152 9800
746 2458
3761 5452
8767 9656
4251 5890
5907 6582
4587 9816
7951 9651
9402 9682
1449 9011
1125 5100
3918 5741
7090 7236
3165 9958
7638 7756
3403 5106
9584 9905
5020 6069
9559 9928
2427 2780
9816 9887
8476 8716
8915 8919
6171 9661
4156 6974
2340 5056
3877 8351
2011 3941
1396 5437
3110 8020
267 3037
1333 2518
6602 7518
5412 8940
5084 7630
1196 5289
3527 5304
4195 9756
5662 8160
3854 4161
5242 6018
7150 7790
4575 4606
3450 4871
5815 6056
8063 8663
1395 9187
3667 6797
8749 9010
457 4176
3586 8401
406 680
2482 5818
8385 9227
2654 3746
3168 9081
5632 8015
5173 5768
3938 6555
3836 5102
5065 7020
4738 7189
542 9878
6969 8810
3323 5263
2739 5355
5952 7107
1694 4076
1881 2180
198 998
2323 3863
8502 8724
6863 8507
4257 9244
6704 8942
9553 9914
2442 6408
4037 9766
2241 8127
4469 4730
1506 1806
7079 7130
6987 7787
8071 9603
505 1654
37 9474
9580 9658
5136 7635
8431 8925
5496 8235
4849 6908
3386 4357
5667 8088
4328 8876
8290 8866
7842 8337
3346 7609
1413 6466
5556 6730
8819 9579
7040 8266
2414 8196
7460 8699
7486 8720
8684 9465
7670 7930
7821 9134
1656 8343
4555 5416
109 7676
9699 9823
3052 6391
5902 8113
387 8630
4323 5981
5982 7182
7336 8633
8707 9946
5728 9809
7478 8780
8642 9124
2464 7014
9019 9303
2045 5391
6499 8922
3805 9914
5647 9003
3164 9652
8129 9619
1312 9357
4039 5376
1203 7048
3213 4077
9662 9680
8373 9213
4550 4620
3657 6034
2712 7907
8698 9427
5824 9194
7253 7820
2181 7938
6173 6557
5596 8853
1340 5820
2838 4194
937 8896
2308 4039
4371 6025
5984 6042
3341 7203
2233 6792
9411 9564
9694 9708
7713 8695
8048 8194
1206 1552
3652 7484
5412 8342
9574 9774
8446 9395
3628 8791
9219 9677
8556 8606
9188 9766
3437 9722
354 3903
1470 8059
347 8305
4401 7295
1559 7342
2181 8301
7996 8202
4773 5122
7047 9021
1273 8860
8226 9351
9725 9827
6032 8998
2801 6661
8340 8871
2169 8817
3862 7185
4051 5591
1899 6145
192 8578
2029 3315
7956 8926
330 3114
803 5281
8871 9688
6166 7378
8378 9282
6644 7156
2879 8868
6553 6562
6564 7154
1736 8879
3827 7259
7193 9451
1371 9897
9090 9462
2249 2696
3180 6058
4362 6874
2219 6794
4407 9078
1969 3862
3005 6807
2249 4906
2397 5667
1630 2289
1783 8485
7386 9507
5131 7446
872 8398
2415 7942
2799 2886
3654 5806
6122 6271
3123 7840
3856 6057
7724 9102
5904 8585
3293 9743
2220 5460
4554 5124
5103 9902
1059 4951
1456 5184
5724 5906
2277 8191
7574 7681
3166 7202
4525 7398
3993 4866
9821 9954
2407 7071
6348 9718
7450 9386
8378 8928
4297 7301
6200 7873
284 5616
9480 9768
4199 5335
4566 9983
5812 7893
7355 9075
8618 9480
6430 7301
7426 9166
1234 8343
6382 9046
8713 8912
9718 9769
5115 7386
9622 9703
9471 9527
1180 5070
921 2315
4336 8316
8828 9641
3949 9335
3714 8282
4629 9705
4988 7069
5292 5351
7794 9964
1159 2411
104 670
2099 7927
6676 9296
5875 8685
1018 4522
7580 9796
8385 9795
7077 8309
6944 9491
5181 6251
1023 1333
7229 8902
8023 9807
7921 9699
6039 8377
2144 7731
2819 3068
915 1914
9054 9155
9752 9997
512 4492
3112 9512
7880 7945
4811 9701
6086 9126
7367 8154
6280 7628
7437 7927
331 9243
7227 7994
2781 3531
1086 2274
6604 9918
8896 9844
5949 7812
1836 5921
2790 5862
28 1442
3651 7004
9170 9946
1958 4584
781 6996
724 6309
201 1080
7628 8664
1026 4016
3125 7503
9360 9533
3134 4593
401 9393
5107 9692
1209 1979
9512 9745
8939 9579
8951 9830
7453 9933
230 8659
4153 6703
2942 9798
5709 9720
2299 4877
4539 9093
5089 7195
458 1313
2217 3621
572 7066
9340 9740
2816 6355
7758 9737
2022 9363
4992 5266
6235 9369
859 6967
1463 9585
4952 8109
2171 9125
7468 9831
5604 6726
7320 9831
1916 9419
2422 3954
2778 5080
5633 8348
991 5414
8932 8988
7112 7115
4779 4845
7964 8682
77 9588
3128 6004
8280 8655
1517 5057
5966 7346
6301 8557
1021 4106
7763 7779
2743 4372
1421 5652
5993 8882
7362 9175
6636 9922
1658 2964
9082 9628
1858 3439
3068 8516
548 727
2614 4020
3947 5308
8984 9595
6864 9440
2572 6437
5740 9054
9304 9701
4355 5050
5396 8726
3245 6285
2398 8373
7528 8179
2582 2752
2467 6985
1332 8517
7100 8880
6008 9215
2421 6928
433 7019
156 8239
9020 9548
4252 4295
8170 9665
2709 4654
3915 9316
9090 9601
221 1913
7506 9439
8903 8946
3638 5417
6538 7796
6994 7641
4893 8416
786 8224
6280 8015
1229 1764
9497 9770
3999 9690
4870 5491
4214 6932
2393 9469
8089 8860
9588 9981
7462 8751
1722 3460
1324 8292
916 2409
4748 5479
9033 9669
1402 9721
1661 9296
5705 7684
3056 9405
4705 6404
2950 3023
3632 4790
146 256
4308 8684
5918 6523
9065 9254
9315 9940
8778 9838
6307 6481
9748 9988
6862 7640
606 2680
6015 9153
1363 9905
4974 9492
6683 8562
1348 5219
6850 8715
5419 9642
7889 8300
39 176
1581 7098
3939 9938
7302 7965
9144 9539
7318 8880
9079 9474
5605 7526
9628 9755
9240 9384
5598 8864
5566 6929
316 7470
441 7883
8089 9132
9041 9927
2036 7215
2966 4195
5438 8690
8644 8722
8614 9090
8794 9538
4826 7820
5772 7651
8310 9479
3361 3774
3507 4621
7422 8038
4891 5602
8708 8777
3551 7197
9557 9712
9442 9559
3603 8466
1559 9030
4416 6110
3339 5974
6404 8701
1667 7774
1176 8830
2181 3073
7827 8763
8577 9334
4033 4297
1209 3607
6041 6937
9336 9452
9248 9643
2172 9629
6663 7929
9096 9909
325 9009
9794 9825
6914 8182
6695 7199
5041 8529
3546 7817
9486 9642
4324 7538
6156 9195
6521 8972
5319 5707
3457 3866
1315 5591
5805 9417
8318 8690
2829 3085
1118 2685
7861 8196
792 2589
1433 3657
304 4306
6885 8813
5416 6836
4873 8256
8647 9808
7428 9930
2530 5061
941 4039
3723 9104
234 1018
4019 7812
1982 3397
7060 9510
897 8952
3179 8883
8743 9771
9675 9831
9238 9283
8175 9550
556 6455
3219 9062
7238 9132
5172 9164
8474 9016
4445 5873
6744 9065
2487 9766
4117 7036
107 2103
9428 9784
1664 4202
7597 9244
1573 2413
1815 7808
3481 5984
7037 8532
2405 8965
870 4096
589 2208
1071 7574
5371 6151
559 6327
7458 8266
9163 9973
5497 7955
8228 9216
9424 9559
