300 3481
280
401
976
963
381
735
291
257
818
890
800
167
142
929
623
759
95
870
713
735
827
114
492
561
556
23
908
833
192
368
175
163
818
699
610
155
205
518
848
187
85
679
890
983
922
1
25
724
741
439
418
52
408
775
91
147
756
618
946
761
645
635
620
828
508
318
865
20
522
532
85
604
831
993
188
151
530
374
924
833
636
103
268
136
466
749
813
267
296
427
191
170
288
189
335
908
10
188
762
90
431
15
500
334
648
349
35
663
731
715
663
541
823
312
988
312
853
977
418
406
699
589
75
889
6
215
951
964
542
533
303
101
927
229
244
507
833
242
571
686
102
64
217
933
401
875
19
64
833
540
298
247
303
223
305
42
644
624
715
599
619
90
114
821
799
513
993
530
550
749
274
675
331
101
899
202
383
617
867
209
225
335
173
655
523
973
367
920
795
611
547
535
886
858
413
370
655
435
679
593
758
239
533
510
933
707
901
964
686
839
760
971
126
105
664
188
297
544
798
904
416
793
50
987
548
644
355
178
582
814
895
23
416
977
972
520
462
625
602
305
578
433
164
218
444
493
780
247
157
944
684
380
288
250
433
992
928
270
419
534
271
989
561
428
132
423
376
462
581
774
922
744
559
648
550
507
471
473
112
396
140
296
831
105
7
42
688
756
604
748
171
423
427
682
612
65
82
598
2
312
