12868 1256 
1
9
70
9
70
1
2
2
4
3
32
58
1
8
35
2
5
1
10
88
11
1
21
3
27
1
47
2
56
84
2
37
31
29
2
7
14
2
20
2
25
23
5
92
67
3
32
2
1
25
4
14
67
25
44
1
42
26
31
70
2
1
3
5
1
84
2
5
4
5
14
3
5
6
4
47
20
22
4
8
3
21
1
2
22
16
56
1
64
2
16
53
7
29
70
18
7
96
84
77
2
8
58
21
2
1
3
11
7
96
6
2
7
4
22
10
96
2
23
7
2
2
7
2
32
25
41
17
9
20
7
20
26
5
5
42
37
7
1
16
6
5
18
67
28
9
9
2
1
7
19
5
4
13
51
1
1
27
64
8
4
16
1
34
15
29
7
1
84
51
28
16
1
2
1
31
9
10
8
4
3
25
14
1
1
1
5
2
10
5
41
1
10
16
5
39
4
53
5
92
1
7
2
3
26
1
4
3
12
2
11
10
3
17
3
14
1
1
31
11
6
3
12
20
1
20
2
8
34
3
9
18
2
9
3
42
13
5
5
88
34
2
18
6
39
4
39
56
6
31
32
3
2
42
16
35
53
10
2
1
77
49
8
4
20
64
5
41
6
6
1
22
23
34
32
3
20
2
51
32
51
3
1
1
9
3
10
5
53
9
77
1
3
4
1
67
22
4
32
58
80
92
10
96
28
2
15
5
1
5
2
27
20
6
3
28
39
7
47
8
7
92
77
61
8
80
9
6
31
47
14
5
6
84
39
53
27
1
4
6
17
2
4
11
5
3
7
42
2
4
2
3
9
4
9
84
1
17
13
34
17
2
16
3
32
41
5
22
16
5
1
29
2
8
47
3
26
7
12
3
12
20
4
8
26
5
47
2
9
47
44
2
10
12
35
7
12
1
34
12
64
31
3
35
4
6
2
1
9
3
3
17
1
5
3
84
61
2
11
8
84
3
3
34
10
64
3
16
21
7
26
20
20
96
4
39
8
11
2
4
3
39
17
3
14
3
1
2
4
41
12
6
12
5
15
21
12
8
4
6
2
12
6
1
12
17
80
1
1
7
11
5
96
3
3
2
18
84
3
4
56
1
4
51
56
4
2
5
7
20
3
96
3
37
2
20
7
12
26
80
3
84
2
56
4
2
6
5
2
7
1
15
3
92
10
2
3
11
3
3
10
18
20
5
2
12
2
3
1
15
32
2
3
3
1
67
56
7
14
26
67
39
3
1
16
22
31
4
4
1
7
64
5
9
8
17
4
41
26
31
1
3
3
10
20
84
5
96
73
16
3
49
77
9
4
26
6
20
32
10
39
49
70
1
2
51
29
35
41
7
16
1
26
47
20
28
12
31
5
19
5
32
5
23
35
13
80
51
2
31
3
20
1
3
80
3
3
3
5
41
3
13
3
11
92
2
2
2
47
15
2
20
4
2
2
1
10
3
3
18
61
56
16
1
2
80
1
10
56
8
8
5
7
12
7
39
13
44
26
16
7
49
1
15
14
16
5
70
1
67
26
1
77
25
67
5
84
2
5
1
2
20
3
6
2
51
3
35
27
5
9
23
11
20
3
1
51
1
10
16
17
2
8
84
31
7
6
28
18
1
44
7
10
22
9
34
17
19
8
27
6
14
3
25
8
1
10
4
10
56
10
80
20
28
7
1
3
4
19
27
9
10
2
20
12
1
2
51
2
8
7
3
12
35
3
1
64
31
11
28
67
2
3
32
14
56
37
35
3
8
14
5
1
31
3
58
7
13
2
6
49
20
2
1
8
4
7
53
10
5
2
8
31
67
39
6
3
6
2
21
4
7
15
29
56
2
3
41
12
5
19
5
15
2
56
3
92
2
4
4
9
67
3
64
5
2
16
2
77
49
18
1
9
10
2
8
1
6
2
5
1
16
5
2
28
35
56
16
1
12
7
1
2
39
3
5
2
22
7
34
10
2
51
25
26
16
56
2
1
8
2
17
1
80
3
51
15
2
2
13
3
92
1
7
8
13
73
21
4
31
4
6
84
7
53
70
32
19
9
2
61
37
14
17
5
41
1
2
14
5
37
1
10
49
11
10
2
8
3
2
22
3
35
4
2
39
20
15
2
4
2
77
19
1
20
8
7
7
1
18
9
41
2
84
80
4
61
2
61
5
47
4
6
4
8
23
1
3
10
13
2
10
1
4
3
49
7
8
2
1
2
22
6
19
23
53
2
42
5
49
61
11
23
31
9
37
14
5
17
84
8
2
73
10
9
92
35
44
27
2
53
9
73
44
4
2
70
29
18
15
14
2
70
20
21
20
42
4
41
8
4
1
44
3
18
70
31
58
2
26
2
4
2
3
92
8
14
51
9
4
53
47
26
1
6
3
3
4
47
42
2
9
1
3
49
37
19
27
3
5
7
1
14
70
10
4
2
26
21
3
1
80
44
9
16
8
6
41
44
6
26
8
1
5
12
16
3
49
6
3
39
51
20
2
61
44
3
37
12
2
2
11
17
16
32
3
21
12
22
7
7
47
61
44
20
84
96
3
6
61
1
3
5
9
8
3
4
26
16
34
2
15
3
28
3
2
49
8
16
4
73
29
2
88
37
84
84
44
9
73
44
1
6
19
1
67
2
2
2
12
64
84
73
64
3
44
14
2
18
8
2
13
17
1
84
4
1
5
23
9
3
9
3
21
73
2
3
19
20
4
96
25
3
1
7
84
39
3
32
84
7
39
3
1
42
4
8
5
22
37
49
49
8
26
4
8
31
4
84
2
18
73
11
5
8
7
4
12
21
96
10
41
16
28
1
8
4
3
51
21
23
53
80
51
8
2
3
14
34
88
3
11
4
21
5
9
