10370 960 
29
51
4
56
53
39
5
3
10
2
11
7
11
2
4
3
16
6
2
47
88
12
92
2
67
2
3
5
10
49
35
53
6
5
42
84
92
2
4
5
19
14
70
2
3
1
2
5
2
7
2
3
2
12
2
3
56
2
84
35
16
1
28
20
5
20
1
2
6
5
3
7
2
53
3
7
17
44
56
61
92
56
3
2
29
12
22
49
4
17
2
44
3
10
29
18
47
3
42
18
1
77
80
34
2
25
2
5
5
22
15
1
4
1
39
27
37
18
70
41
88
2
58
32
3
6
3
17
2
14
14
5
1
3
58
1
67
8
67
1
7
5
10
16
1
1
13
2
26
1
47
3
5
1
20
47
1
3
11
39
10
10
3
32
2
3
1
1
2
32
41
5
26
58
6
18
21
4
28
3
47
1
64
2
29
5
1
96
16
1
84
28
77
2
12
70
2
31
9
41
96
11
80
77
3
11
11
9
19
1
2
37
9
4
84
8
16
1
1
34
3
1
7
2
39
1
6
15
5
8
9
70
39
67
3
4
2
84
64
3
47
12
5
15
61
2
3
20
2
2
5
1
28
28
14
80
2
44
2
2
2
73
2
2
12
3
92
13
2
20
5
19
2
39
70
25
23
44
3
17
44
29
7
3
2
7
3
1
5
3
3
4
42
35
2
64
7
2
1
20
3
25
13
10
37
25
64
73
39
56
3
4
15
12
4
6
11
64
1
2
1
67
3
44
9
1
42
6
25
1
4
10
39
15
7
2
2
67
8
8
10
3
4
9
96
64
26
4
9
26
6
11
2
58
17
4
9
29
1
31
56
10
3
35
16
34
10
96
2
2
3
16
9
18
20
35
19
29
47
13
5
12
70
96
19
34
6
64
84
2
20
8
56
25
13
96
1
10
53
3
7
26
2
4
9
39
1
10
3
47
20
32
61
9
7
5
14
3
2
49
6
16
1
92
11
34
28
35
1
20
32
2
53
16
2
19
6
19
11
49
27
58
21
2
10
61
13
6
4
3
7
37
6
1
51
42
22
2
34
27
1
3
8
15
2
11
58
4
5
34
73
77
28
4
2
9
73
64
10
19
3
5
9
49
3
88
32
49
31
5
84
3
53
41
34
8
8
1
1
88
1
3
1
11
4
9
1
1
61
5
58
34
21
2
10
29
35
15
5
2
32
1
12
96
39
26
2
70
11
22
1
51
51
11
18
80
4
84
13
32
67
23
80
6
8
3
14
28
4
1
22
56
28
73
3
84
26
1
28
15
6
2
13
3
5
1
64
2
10
12
8
42
1
16
3
1
2
2
12
16
2
5
17
10
1
2
2
70
4
21
3
3
3
88
5
37
2
29
1
8
4
7
3
35
14
51
49
2
29
2
58
12
11
2
8
1
11
1
3
2
61
92
51
49
4
3
15
1
3
7
77
5
2
2
4
27
2
49
67
2
4
1
3
2
35
27
27
2
11
4
3
1
12
53
12
4
14
6
9
5
3
37
56
4
3
12
6
7
42
31
67
21
2
1
51
58
39
28
1
14
10
9
12
73
2
58
42
4
14
1
2
32
5
14
58
12
2
56
73
3
4
4
4
35
6
16
70
9
1
20
11
49
4
67
49
39
3
77
2
5
29
2
44
41
16
2
4
14
2
5
31
67
37
49
3
2
2
34
12
12
80
5
3
67
10
4
8
8
27
2
4
2
26
16
10
3
10
9
2
3
4
5
4
23
67
16
1
9
20
21
16
9
7
18
5
6
51
64
4
4
27
49
51
2
1
13
3
2
5
1
23
25
16
4
3
16
1
15
1
64
3
92
39
1
9
41
35
1
3
2
5
15
2
61
11
8
10
3
19
5
6
56
2
16
88
64
61
2
6
34
5
4
61
7
1
29
1
39
16
3
37
2
73
3
28
2
11
25
35
37
2
47
77
20
11
6
51
3
1
15
67
20
23
9
34
1
23
37
53
37
7
26
17
6
14
3
73
61
53
56
6
3
5
16
20
11
5
3
58
19
56
49
28
1
5
2
8
8
9
21
7
28
47
92
6
7
3
13
2
4
8
80
5
3
2
27
4
1
44
3
29
8
64
3
64
13
92
16
1
8
39
9
8
3
8
21
5
6
3
3
4
35
2
16
2
70
11
11
44
17
47
5
18
3
70
88
44
17
1
42
