11792 1141 
14
8
27
7
7
11
77
88
25
1
1
20
16
3
11
34
49
6
3
77
6
1
73
4
7
6
7
6
2
32
1
42
8
41
11
21
14
5
3
1
5
4
27
58
25
1
12
28
2
27
58
2
2
1
53
12
11
7
1
1
2
12
39
73
1
3
3
39
27
49
3
10
2
3
18
2
4
1
17
6
47
22
3
9
56
47
23
8
77
88
2
2
5
2
61
35
10
37
47
10
41
29
1
4
11
6
1
73
6
35
3
9
37
18
3
8
4
5
1
3
11
37
51
31
26
1
2
96
4
49
16
11
3
2
15
2
21
92
80
10
44
32
1
2
28
21
6
26
84
8
10
2
27
18
92
1
58
3
14
10
3
1
19
12
2
27
3
22
1
2
34
4
5
14
6
32
29
22
1
1
20
9
1
49
5
7
41
16
2
14
3
7
7
8
4
42
2
11
96
1
7
26
21
49
23
3
41
2
3
3
4
3
3
12
51
31
92
37
3
32
67
21
12
9
67
5
58
64
4
14
18
3
23
1
18
73
41
2
2
2
17
20
5
64
4
96
2
53
16
12
47
5
5
3
2
31
2
3
73
5
5
61
51
21
16
1
11
3
67
70
77
39
19
1
2
3
4
19
2
67
3
1
4
32
31
4
61
8
64
58
34
16
3
44
42
27
39
25
4
3
9
70
77
23
16
1
26
4
2
49
8
12
1
1
2
4
16
2
70
4
2
1
5
1
2
5
12
41
3
7
8
17
5
77
8
4
1
18
2
26
15
18
5
1
8
3
15
3
25
11
2
26
34
92
1
7
16
67
11
3
10
61
1
22
6
44
3
1
15
51
3
84
73
3
29
12
28
3
16
70
32
4
2
29
4
32
49
5
58
1
23
2
2
67
3
23
16
22
23
17
1
10
20
47
4
2
34
12
3
11
23
5
5
16
10
3
37
4
6
18
92
53
2
13
2
1
56
1
1
1
80
1
14
88
64
3
20
4
8
2
92
4
2
5
5
5
44
10
7
96
64
4
4
1
18
2
4
2
21
3
4
31
11
3
14
19
34
5
25
3
12
10
51
3
20
23
35
44
3
44
3
5
16
1
2
21
29
11
5
29
70
14
17
3
53
3
35
56
41
27
15
9
41
2
8
6
8
2
7
77
6
10
58
47
84
67
2
10
1
61
61
3
1
80
4
88
58
17
5
7
67
64
1
10
3
34
14
8
14
31
3
20
2
7
5
8
23
37
3
80
2
4
41
64
42
5
9
49
49
9
11
44
28
1
1
9
9
6
16
3
5
26
73
5
23
3
2
16
17
58
4
2
5
7
4
19
2
2
22
61
4
28
15
2
3
6
70
2
6
51
80
4
2
1
16
6
5
9
3
14
3
58
3
84
2
7
9
5
26
6
6
6
27
25
70
18
2
49
2
4
4
1
3
32
73
96
70
4
41
70
4
16
58
2
25
6
9
18
64
47
64
16
6
92
9
15
14
10
2
88
3
10
6
73
3
2
22
9
1
2
9
3
11
37
2
37
9
17
1
12
2
10
77
3
6
27
21
3
4
5
7
7
2
44
21
39
3
77
49
12
28
1
16
27
5
26
1
16
61
22
2
80
9
16
47
34
13
2
13
12
10
8
2
22
34
1
1
25
2
4
14
12
35
9
42
2
64
3
64
22
19
1
5
18
3
9
77
12
96
64
3
1
6
4
1
4
49
70
80
4
20
6
9
16
2
13
2
1
39
27
51
5
3
58
61
8
2
13
7
4
2
11
26
3
1
10
2
9
7
12
4
88
4
16
1
3
14
29
11
26
4
70
31
4
1
70
44
10
7
16
2
4
11
20
3
2
22
3
13
16
6
27
15
3
8
58
1
19
53
20
51
6
1
26
1
2
37
7
2
2
22
20
1
44
5
96
8
18
7
64
14
4
2
70
4
14
5
9
49
2
56
3
19
34
31
39
3
42
20
1
5
3
2
7
67
31
21
34
61
8
7
7
3
80
1
12
3
2
6
8
49
4
15
1
3
9
1
4
1
14
31
20
88
7
14
5
3
32
1
14
64
14
15
7
29
8
84
23
26
3
16
2
7
3
2
1
22
1
2
8
28
6
23
5
25
37
8
42
6
31
5
8
2
44
12
4
27
2
4
41
11
5
15
56
84
16
3
35
3
11
20
2
15
14
49
12
58
3
27
77
1
2
4
80
56
2
1
16
20
56
5
10
39
6
70
6
37
42
5
2
14
22
14
56
2
2
51
12
92
1
6
9
9
5
39
5
1
19
1
41
14
16
2
6
3
2
5
3
20
8
32
1
61
17
6
5
16
7
53
23
4
10
18
20
9
53
1
9
14
14
5
2
41
13
11
84
13
2
23
73
47
20
58
12
3
5
14
49
80
9
34
19
34
4
10
1
92
9
61
5
2
58
19
2
2
16
3
5
2
7
35
7
29
70
51
21
16
2
6
2
4
2
11
2
39
26
6
10
1
8
88
1
4
5
44
80
1
41
8
20
1
3
34
12
25
5
64
49
9
44
9
61
1
31
1
73
6
11
4
6
3
34
4
19
8
26
2
6
2
61
20
