10800 1082 
44
1
11
2
10
3
56
1
3
12
32
1
44
61
2
56
25
6
14
34
8
18
1
25
18
3
49
56
1
34
1
64
41
7
6
1
12
1
20
34
10
53
31
12
7
3
53
16
9
41
3
37
12
42
31
3
88
44
10
3
7
1
80
9
11
51
3
7
11
2
5
18
28
39
4
14
56
10
4
7
5
3
6
3
10
3
6
96
21
2
1
28
14
6
5
9
64
4
1
14
96
8
2
6
9
19
1
29
12
2
5
9
12
2
67
2
18
25
80
3
9
3
31
5
1
16
1
5
8
37
21
16
9
27
7
61
2
1
35
56
3
19
8
9
51
16
2
9
9
2
53
3
5
34
2
34
27
31
5
56
15
26
4
32
11
28
96
44
23
1
1
18
67
1
1
49
35
3
9
7
7
14
56
4
70
8
4
27
19
20
2
6
20
64
4
9
5
26
84
2
16
5
39
8
2
3
4
3
25
3
92
8
3
70
8
1
44
96
47
1
8
4
2
1
44
19
88
1
37
14
9
1
4
5
44
1
34
7
2
22
2
1
1
7
21
29
2
28
8
3
21
5
56
61
22
5
2
32
19
10
3
4
8
2
32
67
2
67
2
6
3
7
47
2
67
7
3
37
6
2
10
3
14
11
67
2
3
7
22
10
58
1
37
21
7
56
14
61
20
31
14
3
17
1
1
3
12
28
88
3
1
6
6
12
96
1
26
77
3
19
28
32
3
16
10
3
17
2
31
1
53
6
2
19
11
4
19
11
10
21
15
9
7
7
8
10
19
3
22
6
2
18
23
1
1
44
88
1
13
35
19
5
88
77
6
23
3
31
1
27
6
3
8
12
1
3
5
44
2
1
17
5
9
5
53
3
23
2
17
25
4
18
80
28
1
3
10
9
1
31
3
58
3
84
1
88
2
2
88
34
10
2
49
12
2
3
58
19
1
2
1
2
2
5
7
32
3
26
11
44
34
51
39
7
34
28
2
11
5
61
1
12
2
51
3
2
37
7
14
32
5
51
7
56
31
2
32
61
13
3
29
9
18
2
96
20
5
7
35
8
2
5
4
2
2
8
92
4
2
3
88
44
2
34
9
64
8
70
22
21
84
3
84
1
2
14
70
96
51
13
37
5
19
2
19
88
13
3
34
4
2
9
34
4
4
67
5
53
21
2
3
8
31
2
9
56
7
3
1
11
12
92
7
14
9
16
2
1
2
11
5
3
2
6
12
9
9
21
35
3
3
1
5
32
5
5
17
11
20
34
14
4
3
3
32
2
1
3
44
23
28
5
29
2
31
92
4
5
14
96
6
31
8
35
4
9
20
21
3
2
96
21
5
5
77
1
1
67
18
7
7
4
47
2
11
67
5
2
1
6
1
3
80
21
6
44
53
7
77
4
9
6
92
25
25
1
88
6
3
26
88
5
29
2
14
2
64
5
3
6
2
9
20
47
1
29
27
23
92
2
2
15
84
5
73
1
4
2
7
8
73
77
92
4
7
26
11
39
2
3
70
10
2
14
2
1
31
2
19
80
5
4
6
2
12
6
7
6
3
12
41
32
84
41
8
3
9
5
8
5
3
70
16
28
2
22
7
6
3
67
4
2
10
8
2
20
13
61
35
1
4
2
14
13
9
2
12
5
2
70
12
7
26
4
29
7
23
21
64
51
80
1
2
4
3
19
3
11
23
37
20
16
14
7
1
2
5
1
3
1
2
1
3
4
6
58
8
3
26
25
84
61
92
67
1
4
80
4
4
44
67
1
22
5
4
77
49
4
3
20
1
20
7
61
28
61
31
58
67
5
2
1
41
92
42
34
16
20
5
34
2
1
29
8
2
2
6
64
1
8
1
2
96
1
18
4
9
2
3
2
12
1
5
73
20
56
3
23
12
11
5
3
77
9
10
1
67
88
37
16
10
49
56
9
5
1
1
31
5
10
4
11
8
2
3
1
27
39
39
3
61
27
5
10
2
47
3
11
13
18
6
11
4
16
22
25
2
58
16
17
47
9
5
1
3
42
32
34
3
8
4
2
2
14
26
37
9
6
5
10
42
11
3
31
2
32
3
51
10
11
58
47
2
2
6
7
6
5
3
4
2
8
4
2
5
4
5
31
58
61
3
42
11
2
41
4
4
14
73
9
17
64
3
28
12
8
77
1
2
4
6
2
2
1
7
5
3
1
7
44
7
9
84
16
4
1
4
1
6
1
2
42
6
35
23
2
2
13
14
56
5
5
14
17
10
1
26
8
26
8
2
3
2
2
1
2
73
20
7
9
2
56
19
2
2
14
34
5
6
3
2
22
10
12
10
2
61
5
2
3
6
53
5
73
92
77
20
4
28
12
3
12
2
2
29
8
25
9
9
73
4
5
1
9
3
7
27
19
16
84
3
15
13
2
2
4
11
25
2
2
73
10
17
51
88
20
12
6
39
1
7
8
