10000 10000000
7722 7518
906 1474
859 1688
425 3358
2312 8232
5322 1618
4438 1697
1205 5119
2043 6171
2861 7151
5110 9476
875 5472
1929 6541
7880 2719
8841 6596
5847 9674
3428 7281
2570 8118
2444 9719
1723 640
6313 4817
6494 3354
9493 6350
3807 7120
5358 878
3261 8740
3113 5317
1961 5444
7805 4248
5720 9793
2550 6813
7605 3010
8061 1549
9658 8686
3976 5345
4883 1584
3813 7427
6079 528
2921 8988
8381 1410
1412 8651
1741 9057
7082 7662
2382 1624
8455 9475
6200 4821
4219 9804
8847 1292
515 9029
1540 617
6726 4650
8762 4511
160 4918
913 9494
7716 7456
1240 947
1172 1925
5652 6704
3067 4612
4731 1135
9375 5560
9078 1043
4650 5917
6087 7876
954 4609
1414 6085
371 5443
2598 7971
5627 5842
5544 6520
1449 3580
2984 5984
6164 2583
9588 3467
1440 8636
7706 8023
6846 6023
577 1545
7361 5893
4221 5994
3118 5054
1545 4061
780 3433
6926 2390
3702 6714
2278 7180
9156 3466
2294 8733
8293 1245
2366 9575
2971 4268
6150 7479
4612 3245
5807 2891
8981 5838
8401 4408
6561 2251
4546 81
7218 2228
7708 2646
1441 6930
7267 7286
2099 865
6913 4310
8496 3323
3253 4765
7815 9824
7825 1632
286 7696
4186 2970
3656 2402
3417 979
4523 714
1340 7857
8853 6955
4560 2322
6147 9863
9133 5374
4901 517
7001 1376
2449 8807
3163 3277
8281 8499
7345 7641
8342 8655
3589 4169
1022 1828
7422 3887
1673 5983
1114 5621
7446 769
2469 2367
7303 7447
2214 1771
5650 6850
5079 7217
2114 5803
7342 990
9814 1942
8378 59
4081 4142
9899 9652
7931 7407
3718 1844
9001 6646
9020 2154
6016 5872
5415 6687
4710 5991
2620 856
6302 9540
8514 4908
8750 3841
6317 1368
8755 3345
4286 9885
892 185
2558 6641
1734 2559
7670 5142
5611 8177
1883 7905
1822 7957
8509 1799
7034 96
7877 6347
6553 8452
3649 1638
5814 2149
6314 2403
984 6783
2119 8217
3118 1812
7665 5751
8248 6001
6848 3062
1222 6906
8132 1574
7632 979
3001 3079
9475 9715
1119 320
5283 2972
7597 5123
393 3189
851 4263
7213 3640
5278 1672
4613 142
8261 3600
6598 1833
2564 8460
9307 2216
754 9344
9474 9173
66 989
5674 7773
3586 6731
1 3
5 11
6 9
5 4
3 3
1 1
1 3
5 11
6 9
5 4
3 3
1 1
1 3
5 11
6 9
5 4
3 3
1 1
8868 1102
9394 9928
3974 5552
869 2859
1308 5660
6264 1644
3551 9474
7264 1274
2803 9971
7181 9643
3601 8484
278 9816
5060 5642
2782 2183
5523 7603
2949 6919
8708 4637
975 7981
932 220
7327 6605
2245 912
4042 5404
5744 4079
3227 225
5108 9500
229 9488
4152 4231
3256 2135
6961 8409
3559 5741
4515 4331
4146 5817
2253 4227
8896 6476
780 5056
9678 381
3595 3998
5108 3837
7609 4806
3116 218
7859 1659
8966 1819
4167 4537
4155 3366
3324 2016
7711 9208
7360 8991
3666 1332
2754 9454
9579 1692
8924 233
1091 1434
3499 3014
7154 4168
2517 9430
353 8874
6794 6627
8009 9444
7173 8730
5587 1963
172 3838
8274 2370
8242 1781
4405 4683
3804 4177
9708 9149
6737 4301
3717 6216
4270 7151
4347 9523
1049 6704
8083 806
5926 5360
4047 4866
4375 5588
5219 3058
4601 7374
8149 5334
2776 6054
9814 6149
326 4084
8195 4008
5947 1283
8209 448
332 9978
1104 1234
1499 4284
7549 3764
7714 3382
3118 8139
1425 6502
7920 743
3064 3371
5761 6492
1509 2559
7602 5980
7128 4833
6410 166
2849 1393
2692 6892
7963 3109
8395 2481
1165 7709
5740 6559
3750 6188
9111 5643
8236 804
7073 7213
4243 4657
1653 2971
6356 1716
3240 9612
9999 1696
7823 7167
6289 5455
5479 4307
2532 6695
9283 4659
2438 8227
1198 1404
6290 3389
5270 1080
9965 5545
796 5540
9263 3838
1202 6870
9509 3677
2292 8879
9918 2868
7489 5854
9345 7520
5334 8776
9537 2951
9198 7574
6824 8815
2532 4803
4489 8053
4999 9006
9200 4841
4184 9034
1659 7223
2029 7729
201 9181
58 9861
5916 5530
4895 3971
1371 3755
8804 4688
298 8009
2644 3176
7895 9295
7362 5960
3939 7657
5225 8998
200 7568
2976 3088
4525 3088
3359 383
1757 4881
6719 7081
5839 4272
1338 3883
447 4306
1857 8227
9510 2868
3346 3620
5858 1416
3945 8873
7438 1447
1047 1659
4692 2934
8257 6071
6344 699
6440 149
9287 1030
4914 4931
1640 1826
3258 4686
6134 6146
973 1812
8552 9810
6278 8409
3602 342
3621 6984
6437 9858
6026 808
794 7364
1101 8604
1805 3745
8200 5100
914 1416
9161 7699
4437 1893
2334 5467
6304 2608
6891 2967
6361 380
9961 3544
9490 2053
9680 343
2437 1647
8327 1453
6059 8530
660 8922
9480 9175
8742 9528
9950 8054
5288 7670
6496 9633
9773 2714
433 8614
9561 1190
5298 5389
5646 4172
3885 1311
5184 2440
9395 5365
2213 2288
5911 5594
4119 1725
1711 4761
7837 4687
3026 8201
3595 9960
162 7915
2014 9779
9291 194
3124 2454
7582 8712
8362 7013
3907 5718
5995 2641
6618 1124
9050 520
138 9756
1846 616
1192 5319
4480 9219
3858 3650
8652 8886
705 2797
2654 522
8361 2790
2331 8239
9891 3700
2729 9465
133 7207
8045 7552
892 3481
249 2884
5774 2846
8364 5226
4397 8894
3998 8855
9341 1759
7348 6675
9550 6992
9543 6887
6857 9684
5457 994
3781 8820
1370 6970
1819 849
2157 357
8817 7016
2525 7227
3627 8552
444 6442
9616 3496
7540 35
1474 9690
9841 318
2332 3582
573 1980
3672 1982
6820 8544
4105 2057
4360 6872
4992 1268
6807 667
196 6939
2643 9713
8607 470
7508 7467
8849 8949
163 574
7837 8808
1474 2701
5834 3858
4476 1354
3632 6813
2635 6920
9705 4645
4 5275
6486 98
1774 9424
8777 324
524 9294
2182 3578
481 9330
9123 7619
4427 2669
6618 3321
3153 8900
6836 405
9768 1168
1336 2079
4658 5882
955 3384
3858 9883
2084 2722
81 2197
7386 3070
1001 7670
6280 5735
2218 1391
3233 4733
3855 586
6807 2843
1063 367
5265 5399
405 1126
413 2711
813 2176
6618 2975
5633 1795
5404 168
8969 3557
3294 3111
6114 5640
2584 2042
5739 3913
7666 5240
5528 2907
9811 6233
6601 2944
4314 9057
8783 2425
3938 4064
1848 1625
9552 8705
3563 2124
6428 4879
4099 1110
122 5269
7900 1535
8021 163
179 9972
2015 1943
7180 5509
9276 7297
5353 2278
4619 1191
5063 292
3326 2894
1724 340
4582 1059
6039 2235
6430 2237
9062 3947
2661 8635
4296 390
5720 1458
8207 221
6065 4281
3812 1991
5802 8504
7264 4294
8256 4917
2897 9217
9200 519
578 9518
7734 8474
7727 8600
5257 6424
2213 4807
6011 8846
4437 1213
503 4161
7206 1601
9559 9676
6657 8018
4943 6686
85 2845
3004 1823
5578 4139
2447 806
2910 1123
3706 6444
7352 3255
3956 9308
8850 2985
1653 1593
1647 2139
6204 7291
1768 3465
6741 4753
6264 3976
1094 3840
9322 1323
5206 5451
4287 5275
3899 5617
7303 5117
4782 240
892 5642
9598 3288
3584 1220
6709 4103
817 9786
3251 4090
7253 4500
6558 2430
7994 8397
5933 7584
7235 5207
4359 8799
1659 6337
8462 478
6041 9573
2003 7786
1878 9384
6926 7775
3424 2153
4884 6342
6471 2842
1070 5406
3862 9817
1644 2088
6667 6217
2709 1801
1323 4404
2606 3334
8262 6409
6759 9490
5307 8720
8421 2972
7914 7828
8946 4540
2120 7392
8987 1267
693 1563
6179 7132
2538 3843
6681 5196
842 2356
3051 8191
3057 8811
2253 9903
3837 3382
6561 5980
4416 5232
4008 5355
1373 4613
7338 2583
106 7420
3047 1506
4301 6037
4552 6499
4420 7091
9579 2402
1877 9384
1092 9835
5260 1832
8295 6952
5765 4211
8023 6166
7562 9689
7895 4630
5380 2055
4036 35
2118 6158
8889 4408
5691 378
7396 963
9886 1094
4283 3846
356 2131
8974 7084
4436 6956
2162 4749
5304 8298
5371 9140
6956 2668
4853 4542
2930 3910
6311 8345
1769 5123
5720 9962
6314 1255
6887 1717
2602 8836
8057 1525
9198 1872
6011 5644
1541 1081
9964 7899
2086 2477
2859 1341
6363 4696
7120 4696
8876 5815
6962 3710
9337 4784
8910 2536
1137 9588
7288 8501
5996 3143
7025 3514
85 8351
1622 2405
7482 4962
378 4241
6779 2469
1181 1251
9374 9592
6906 8533
5551 7388
7021 9351
2290 7370
1956 8744
1642 9597
3294 2795
7363 6774
2852 2117
3976 1827
4099 1220
4615 1341
3035 1986
534 2219
424 2158
7536 9600
9142 6701
3549 5993
273 8438
9474 9649
1030 1226
9399 9803
2712 3593
8040 7006
6114 4485
4383 7755
906 163
6358 7303
4174 2038
605 3471
3381 429
6328 2711
1242 5617
4133 9915
8863 9292
5129 6552
2183 4237
4059 1561
199 5058
7393 1359
3496 1624
6533 9590
5968 6326
1824 1097
456 1252
2466 3656
161 1974
7824 9671
5823 3539
935 3903
6049 6016
3466 4208
3776 1979
3008 604
5312 9282
6179 1834
2039 8052
1402 8018
2273 2086
3946 4760
1392 294
1213 2781
4845 3032
5494 7816
3456 7696
996 9220
439 185
5470 4084
5735 3538
5018 8105
9054 9339
6954 5421
7155 5391
8015 5220
3003 8385
2621 9929
8737 8514
5702 6055
2379 3243
5461 4016
8003 6175
4143 6681
5235 8204
7763 847
9508 8687
4808 7593
3280 9036
9443 9455
5345 5289
4266 5153
2871 6650
2662 7741
8350 2804
1900 9201
8802 180
3158 1916
4406 1506
1166 4562
1174 9307
4545 4360
8875 7120
60 2273
4269 6651
842 8971
6596 5728
9838 8870
682 2267
1306 2988
2582 4801
1755 1605
3278 3621
255 835
8861 8267
2729 3498
9312 7834
5349 8142
3090 6390
5928 2588
2671 7442
4860 6279
4050 6165
3941 279
7873 3096
124 2141
3778 1426
7755 5129
4418 8829
7335 1427
2868 9041
7873 1139
9869 2197
3669 3681
7317 8003
2601 1415
9608 7827
3507 7721
8164 1340
2649 4423
1230 3067
9191 4377
5649 114
3248 8924
7559 7
3428 3677
4690 4079
4730 6294
8878 5388
7293 3129
8621 2940
8281 2487
9718 3552
646 7345
302 8950
6072 4642
6956 4176
8309 5216
3 5350
8529 957
1460 3869
4149 6643
5254 2391
6279 9272
8009 4728
4730 8672
559 6182
1253 1320
4688 6686
6246 8745
8793 5457
3008 7103
4151 3
240 5389
8971 734
5377 4163
5514 3378
6802 9659
5671 2725
5605 8781
2674 5882
2376 6206
5342 9450
1253 9539
8436 9762
4877 6236
4571 2532
1465 3946
1309 4186
7252 3544
5616 1157
6493 620
5532 5950
1975 2746
6198 4890
8065 4444
2239 8763
9184 1729
1091 9972
5303 6505
5026 7680
4800 754
2810 9645
1030 8252
1380 1868
6403 5517
3497 5652
5132 7581
3249 7547
9527 5025
6461 1179
231 6232
7431 1002
1346 7884
7271 6344
178 1519
1055 2806
6964 1041
9064 984
6393 6702
2267 872
9125 7663
3044 5210
7170 4400
5604 8587
5030 1229
7762 3596
4989 650
362 6355
1067 7247
7337 963
1729 8452
8847 996
5766 5699
6427 6013
3640 5085
6760 5107
4723 1039
540 8836
3883 3694
359 1640
716 2154
9543 6101
4428 706
4951 241
4255 9872
1694 2052
5811 3338
5036 2222
1257 4308
60 4442
1985 6619
2994 9200
9756 2006
6789 7698
4952 5962
2992 4896
9233 6202
9619 1299
9311 958
4299 6577
2644 5166
4926 855
4351 9286
3974 3779
5201 3848
6413 4903
331 2611
9255 4266
8295 2058
3507 4700
2589 871
4130 6863
6222 2012
1202 8797
9450 950
4331 7020
5250 2146
1066 793
3730 5719
9972 7812
2894 6733
3997 8869
8386 508
5854 5630
9440 7817
3786 1723
4598 1041
6247 312
9739 1173
2830 4080
8444 6045
3393 6267
6475 9993
5071 8709
6786 2893
6016 1072
1983 8787
2690 2213
3540 3060
2694 5199
808 5208
4848 9789
2963 7977
9955 3707
1188 8214
701 8132
227 9222
2549 3572
313 1896
5392 3632
3916 5984
2103 5010
1333 6616
940 6744
2803 8806
9251 3041
8631 31
311 9350
4349 4947
5576 4496
7522 5556
113 6842
8099 8687
840 1437
6784 7911
8730 9931
8330 6783
9662 5906
3593 8552
1604 7090
8415 8552
1493 1170
2368 1933
7472 8406
1966 469
6733 3685
4320 8763
354 4865
1922 6583
8924 3504
8321 2799
1702 870
4347 6466
8317 2608
5492 5139
2568 5710
6434 5733
6608 7365
4413 7401
8324 2013
6407 6650
1731 885
4765 5899
5813 7749
5798 2146
5844 1107
5827 34
1893 1905
5310 4012
4377 5949
4843 2131
6544 3774
4716 8600
7719 3338
7133 7682
4623 7236
4171 6790
5425 9853
5998 685
9866 3067
2861 4187
5899 7603
1577 4042
2703 9705
9822 7380
8219 5271
8231 5084
4830 5407
9369 7059
418 994
3433 1193
2379 5603
2952 9929
173 9935
9549 7443
9435 3351
9467 620
5020 4958
8176 8078
7639 9794
5588 9043
5983 9916
1112 1172
7907 7229
6093 7498
6965 4681
3868 6922
8712 4451
3904 8189
7002 1307
6981 6155
2133 4627
5932 139
8632 1467
921 9076
9744 1224
6976 3165
6705 2469
6360 1575
1355 6736
4691 4955
6129 5272
7284 6144
3976 1918
572 4393
2387 9953
8118 3141
8983 3596
2578 206
5747 8553
9182 6893
1595 4719
6701 2917
7493 1125
8843 2426
5187 4216
2636 5505
9106 6083
5095 1462
8563 1342
3821 4573
1058 1856
3494 2071
9679 6700
4017 7319
1776 5968
8258 3937
4000 8632
4238 8982
644 7338
1840 9473
9627 820
8598 8519
5786 6452
7638 6675
3993 5920
9507 1643
871 8847
8276 169
9994 9859
4430 6943
8445 5573
6032 5378
2636 15
3984 3926
975 1423
6639 7258
1188 2187
5161 3830
6106 3975
3467 7639
1987 6553
4925 252
988 6221
9282 2969
6617 4373
9448 240
6317 6828
4930 3343
6771 2800
7523 1512
1873 9909
934 2588
2552 4258
6402 9947
3354 7589
4303 3838
936 2319
6 1666
6407 1690
7854 2064
2649 8499
3032 9325
8039 1178
1124 8576
9987 1701
4040 4728
6859 5757
6382 4878
2713 960
6611 1605
217 6608
3352 4741
5065 3429
8078 4938
386 4988
3979 8855
6065 931
2851 8568
8095 7131
512 6162
819 1826
6498 4499
8973 6723
5303 2321
7966 4142
8213 3960
3294 8540
6936 1631
2260 7689
353 7702
5296 5158
2063 1595
5412 6278
3977 5012
2588 1189
2447 4199
968 3196
400 3006
5675 8656
652 7166
8116 1127
4162 3522
1988 3537
3513 5134
800 3857
752 6181
406 8680
4894 8139
8121 4527
8258 2384
5714 6150
831 3605
7490 4377
8490 539
1894 9936
6441 6600
2947 3198
8049 7660
2469 696
6010 3728
7524 5108
4187 8681
8431 3413
8310 2714
125 6196
894 7092
9694 9742
5485 6578
5579 7117
5299 3636
2238 4215
8344 5851
4113 1619
5991 8823
6342 3163
6574 2204
5471 264
5591 4759
1976 142
8579 4951
844 4794
5369 9599
9920 1337
6 9150
9358 9358
3811 3675
6959 9653
4156 1291
1630 7060
1974 8163
2409 8993
2830 2678
9976 3954
9911 2714
5239 7022
5196 77
8978 2831
626 9690
1573 320
8320 6073
110 5875
4416 4436
9385 9748
4615 1778
5499 8962
2393 9432
9698 1324
6937 7653
1824 818
8671 6780
6568 9987
5502 1809
1348 5189
776 7199
1491 1384
5647 4581
9392 6638
7700 3919
1954 9496
911 163
3848 1293
7116 4112
8933 4505
408 4851
681 6914
2860 9688
3070 3644
4986 4409
590 2374
1605 3863
9167 1166
18 401
4038 4633
8849 5988
3143 6440
6310 1789
229 655
568 1075
6508 4809
5645 1738
7958 2014
1194 8175
7269 624
9039 1877
825 9862
7738 7780
1164 2514
4451 8175
57 5396
462 7272
5381 5217
6140 5880
412 943
4979 3235
7727 5624
4265 2058
7107 2019
8169 9013
6101 3986
3741 1379
5504 1803
6033 5526
6572 3030
7489 3505
8054 3500
4484 9435
94 7150
2851 3694
6727 7922
6441 7890
7568 5407
6317 8602
6360 2732
4262 8704
8211 2577
908 1075
7310 7507
5638 7498
6185 3881
6835 9562
754 6054
6536 6879
541 1429
4415 5322
2523 4460
2227 9403
4349 3659
1549 2267
5293 4210
3174 4446
7285 5579
2703 683
479 5001
9796 2419
1568 9188
9086 8990
4247 3805
2154 1474
1144 2041
2038 5502
6545 1612
6454 1413
6317 1093
305 5576
182 6522
8584 719
4779 4695
2803 3464
8355 9317
2271 3534
7616 5299
6838 9857
318 4957
2598 9480
9903 7192
1751 4902
1036 5333
230 7382
187 9584
6074 2997
2083 5784
5911 1529
2376 511
7463 3505
8938 7265
2475 9209
814 8110
9872 1639
3758 1514
4896 7781
977 4403
7680 3173
1752 7671
309 7010
8105 8580
7904 6614
8390 3926
9132 4646
4106 9217
6453 6898
1905 2574
3262 2461
294 1137
6887 2833
6599 1338
4513 4785
9984 7485
5475 2119
4850 1082
1845 8702
1341 8523
8421 8380
2007 1664
7574 7211
593 1088
5388 4686
8831 9985
8178 5978
5287 9026
3470 7903
9684 3050
356 8270
9130 9401
4729 3123
5469 1206
3353 8259
3770 9130
9873 9993
2983 3534
2404 4000
9269 6315
5391 9249
7359 2903
4942 5216
1831 739
7836 9313
4520 6723
7785 3654
1305 6193
600 7805
4660 6872
2360 137
3354 6153
733 3731
401 9171
6858 6211
5715 3451
9885 7223
9121 6296
8949 5070
2891 7089
7165 6897
3216 3656
3995 3399
3367 5589
3708 7403
5463 1311
7846 1944
9729 1354
8583 8749
424 5
8992 7314
1162 3440
9975 5216
8504 3338
8080 2738
669 6162
1315 7323
7457 435
8657 9199
1565 626
5804 3539
4425 2263
5516 7971
6330 2368
2455 8265
9260 7613
3186 530
7643 4859
7947 3340
453 6570
304 490
7586 7221
7626 4049
1549 6052
9090 234
9656 324
3926 3877
4274 5766
3891 5492
5870 3571
3840 6262
7292 4313
5854 1241
8898 4012
1725 6787
1876 9166
5456 6221
8182 6484
6010 8153
9196 6262
8698 4683
3558 9057
3070 8600
4519 3250
4877 2889
4984 9227
712 5271
3971 4473
4537 3545
6293 7676
6730 4206
7584 4365
7886 4559
4985 1517
5356 9692
546 6805
6635 6653
4621 5153
6419 5530
9224 7817
3698 5405
2056 6552
5090 147
5309 40
9304 3720
6325 710
5512 5063
4264 5520
5389 3456
3707 5645
9199 6568
9956 6309
4960 6203
3003 5913
5087 1988
1540 4712
5797 1685
4724 119
3027 8594
9438 297
4955 6830
4708 6954
7040 3753
430 7316
5874 6102
7664 6811
7260 4764
3306 579
2195 8560
5616 5710
2995 1106
5125 1942
2699 6182
5259 395
7335 2190
1979 640
7294 9129
3614 6238
6001 9145
4176 8795
9458 870
1571 232
7557 8901
9715 8195
3846 1860
6004 782
6279 164
1082 9840
7334 7707
5629 6437
8543 7060
9225 7086
433 3756
2958 8502
9369 2558
7178 4808
5319 1032
2868 8916
8163 1861
2857 9415
8201 104
8214 8676
9953 8663
4671 7401
4025 7995
4291 8525
653 7893
2072 9758
3153 3565
2557 3598
8364 8966
5278 2648
908 4644
231 4252
6141 52
8525 2411
7132 6128
5842 4198
5268 2101
706 9576
9902 9756
4700 4294
1730 2350
3404 4998
7398 2967
2598 8227
8826 3011
7927 1403
8158 7106
8507 6924
8822 5903
1833 8959
6114 6843
3956 4793
5001 3888
5586 3978
7846 5952
7301 3537
7962 2156
9790 3811
8823 856
7024 6179
4978 4065
2089 6099
9586 5501
2195 6380
5804 1419
1199 6999
1708 1778
8193 7222
6098 7438
8876 8642
3443 4003
2630 3829
7393 4958
7437 9900
7199 4035
7018 6990
3671 3708
9146 9264
8954 9146
3384 3867
6890 6116
6272 5307
6303 4400
5581 8437
604 6570
2102 9602
4817 5469
6635 9667
6497 3403
924 5850
3095 9491
8860 1333
1421 9752
6803 9266
9904 3813
9651 1995
9202 9007
5350 4217
7872 126
4740 1994
2114 5558
2225 7333
2433 8852
1428 2708
6564 4476
3896 1232
8764 5904
7749 3319
7183 2494
3848 4294
6125 5578
3805 1334
9593 6093
3743 169
1271 6099
9203 3169
2321 9004
9586 636
5786 6390
166 4065
7572 2885
7950 566
9678 1304
3408 2508
3216 4395
5469 4110
5373 6980
4196 7031
170 5008
8609 2563
498 9251
3446 4504
1518 3778
7375 4373
3685 3480
6815 7113
6610 5796
2431 1443
5473 3164
5949 8614
6226 1307
8011 8308
499 850
2694 2185
1289 3171
8396 5280
9200 5348
9878 4381
7522 9014
8556 6861
7781 9535
4237 2273
2882 5438
9925 7081
7119 2101
242 254
765 137
7803 9035
2748 4756
6903 9399
6553 363
8643 494
709 423
3496 2358
5551 7418
8460 4461
8189 3817
7781 613
252 318
794 654
372 117
7075 6327
8096 6258
6724 3272
747 7522
2324 918
9464 7129
6449 3216
1522 5834
481 5018
1659 7682
64 6157
3110 2109
5976 3882
7528 9913
1649 4678
1597 5858
4929 9235
4274 8725
2159 7522
9056 581
9073 8519
3422 2231
4429 3217
3947 2406
6967 1844
3164 8290
9564 3980
7605 1974
6892 196
1714 8708
308 9549
9921 273
2020 1781
5016 4150
7633 8965
5219 3886
7116 8850
9532 7163
7256 3659
1663 5437
3518 8280
6706 217
2786 9604
1004 7824
1563 881
4091 2547
5464 3737
3409 1257
4832 2636
5996 1887
3358 3272
4237 4085
4904 5552
3202 89
3407 6863
7384 3462
6700 624
153 7573
7714 6829
5401 6600
4137 346
9972 5104
8527 2713
8469 1980
983 8119
7341 7749
766 2313
2217 3977
4896 7110
4294 6946
5686 9986
7733 2305
6991 821
7233 6247
5086 7179
9675 6591
3772 280
3027 7283
8410 1672
178 8639
2734 2577
5679 4677
1393 3962
5192 9958
3019 8293
1215 8630
3092 2707
8751 7469
3067 4841
8715 4071
385 5528
1307 6582
8071 6666
31 2162
3543 8552
7845 1932
341 8991
2059 2230
4544 84
6399 5716
2656 1519
3470 4832
3257 1793
8234 6394
1102 3863
406 6331
9604 2296
6346 7691
6253 7605
3090 6558
9288 2572
7572 8182
2772 315
43 3362
7600 3751
6203 5796
1739 952
7776 6532
8856 6473
1132 6949
7812 1096
8758 1051
1272 1400
5723 7735
9584 6047
1831 6117
6968 2170
3431 8827
3573 9988
8659 2089
9150 8200
2526 4120
291 3448
1407 5738
3715 9618
220 7116
7495 5859
4192 1629
6114 2998
4413 977
5388 9790
8764 3995
6225 8103
8167 5066
1136 4642
5803 2255
4105 9630
4085 9922
1536 8843
5031 3998
5680 1591
5050 9577
3347 9422
7810 335
9438 8988
7029 6150
3366 4129
5654 4787
1398 4384
8811 2971
520 7985
9803 9478
5589 3389
4112 6633
275 3027
2733 5912
5303 1895
390 3979
3914 38
2628 7817
5112 4767
8982 8142
1585 736
3330 4213
8566 7608
2725 1502
6316 8258
7983 8276
9753 6305
9689 6231
7877 4337
9151 4784
1838 7406
7780 7150
2087 1385
7145 4945
7684 4081
8699 1542
9176 8939
5600 3939
2392 5316
9665 1111
1638 2200
2198 5211
4981 1693
1716 5525
1510 5442
1524 6535
8131 2118
2009 8689
8147 1442
9339 9805
6463 8296
7812 9813
9970 7546
5981 9275
9462 4874
3675 9639
6615 210
2446 9606
1443 8945
5772 2967
395 7356
8701 8162
9320 9891
5734 4910
533 1837
446 2794
6117 3139
1048 7867
1972 9187
6294 5403
1372 8974
4044 5420
5699 2153
2217 6789
3223 9406
7363 575
1251 8042
9973 3065
3303 5223
6298 8849
4653 478
4096 9067
9890 4509
621 7086
1537 9107
5225 5360
7319 6634
3156 6646
7356 3811
5701 1173
7745 723
21 9083
8145 7013
6782 4962
6366 4435
6631 9996
1114 5646
1685 1476
5001 3477
9839 7136
2018 5497
3165 6785
4288 524
1231 5105
4532 254
5149 669
448 6306
4255 4120
4867 3301
4521 2863
5195 7166
3200 5212
2564 420
2570 201
7810 4470
7276 2917
7739 1455
6482 6876
4725 2248
9215 5183
2755 8843
9766 2199
7988 6356
3581 1849
4979 1199
1013 6033
7988 178
7077 8430
5095 3535
3427 5304
6617 4338
4640 6956
9577 7061
6185 9724
412 4982
4023 8676
6977 940
6611 56
9004 8514
6280 157
8648 877
6471 6953
6391 4917
4688 2183
1946 7674
6742 8498
6589 8449
2965 743
4499 7772
5856 1377
8276 1110
5861 7472
5118 8260
967 6753
1086 7829
6661 6797
7537 7945
3338 1815
7166 8929
7658 5645
1706 4198
8274 3804
3689 9037
8948 3366
9661 3122
24 9933
7872 8476
8608 5257
5463 8883
6961 2045
990 7110
9454 2068
1345 8828
8571 414
1223 1397
7491 7151
5769 6264
3589 4570
4879 6477
2109 3917
2636 5199
3129 5897
738 4962
8810 3623
1385 1359
3950 4122
4150 7571
8426 2548
9363 3063
1903 9953
9166 528
2938 3378
1851 1004
2252 965
3963 5330
2078 4
5794 8932
9474 5906
5835 1172
3044 7829
855 6396
7986 208
1753 2805
5626 3013
18 787
2038 4806
4525 916
6955 2744
5398 5120
1467 1006
3710 1222
5821 8362
3343 203
7183 3785
9581 6035
1176 8156
9183 6913
3111 5522
2419 5809
5278 213
8432 414
9628 8525
8555 6944
6862 3934
1350 6064
6047 6151
8392 8920
7750 6787
352 1507
8889 7573
1057 2910
9671 6031
5991 9970
3075 3426
1627 314
5370 706
4089 1888
6416 1261
7559 9578
5490 7966
7505 3757
3230 7039
4593 6148
3546 819
4227 1316
7314 3347
6469 2233
9086 3628
4940 5961
5364 2958
3349 9454
2212 1362
9851 8402
50 1930
2439 7918
325 102
6907 6426
5847 6477
4958 5613
7232 8191
3267 5396
4763 7138
3226 6967
2117 5864
5229 5168
7001 9671
3982 334
3789 7476
211 8624
9991 1545
78 9583
6973 7973
3765 6970
1549 5964
1530 6775
4646 4473
5481 5197
9376 8670
1451 1
7685 5045
9660 6737
7700 4543
6849 3647
8755 2587
4211 3772
3437 1565
3866 6316
3823 8323
9490 4768
7980 2383
1503 7446
3287 2830
7590 5998
6597 8660
2182 4524
3070 124
2937 8531
774 8646
601 9637
1542 547
6238 7291
9290 7717
2808 6490
3990 8110
2689 3620
4723 7756
5898 2487
7264 1149
2078 9663
2721 3505
3038 3886
6067 2627
7662 9082
4272 42
7271 2541
9322 4250
9896 3405
4126 3609
6740 6212
6246 6919
6690 5281
5061 2351
4635 1911
9790 6895
6548 9547
9634 6157
1755 9330
400 9176
400 3105
5611 1641
7666 1846
1611 1359
4427 3526
8351 5005
9669 5573
1433 6498
6960 1473
3209 8837
5108 3193
9317 7307
2920 361
6708 9641
1625 5875
1076 6491
8345 8321
6200 4492
7340 5546
4057 1636
5036 9616
1857 6598
2526 7307
6751 1356
1156 9383
7450 7001
5334 6927
5367 7358
3800 843
7947 4771
5425 8699
4346 915
1510 5003
8685 5099
4448 4189
4605 3825
376 1566
92 1536
1877 3638
5558 3308
6160 2211
6711 7334
6290 7117
4944 6405
2725 5728
7921 7749
6040 7560
2689 9779
7749 276
1014 1252
3738 3497
7181 9887
9383 4643
3422 9869
1553 8208
593 8244
8231 9083
684 2082
1629 4426
8362 1495
9736 814
4757 4876
9156 8028
8738 9888
8650 6812
2959 5444
3972 1285
947 5576
6015 4332
1403 4399
3576 8992
3419 9128
9860 3357
9031 700
2582 809
3993 854
3183 7905
3947 7123
8377 8707
8690 9043
7208 6510
2904 2191
4387 6697
4565 9392
4207 4097
8033 6557
2060 5311
7156 2811
8037 2672
2581 8858
9769 1847
2673 3660
6523 8445
3556 6222
912 9038
9262 7511
393 4015
2378 6755
8171 2965
610 9252
4616 4259
3882 5196
2449 4379
1592 3564
2780 315
1884 5252
9957 6407
2108 6429
1556 8317
461 7724
9091 9596
4862 7566
9774 5211
5060 9927
6756 5663
8367 9768
1482 3376
3406 1117
5919 9811
4852 546
7658 1000
1327 9277
5029 4638
4717 643
753 6927
8220 5163
8121 3438
7480 2524
7594 2006
2426 2495
2809 3189
4259 3785
1495 4501
2303 5695
383 6343
1173 8683
1158 1116
1041 1285
5926 5080
578 4988
2953 7553
8783 3249
7025 7354
288 1207
8405 5262
5120 1704
9500 1881
236 8341
9880 9831
3136 1309
7569 9691
9801 6238
6768 3031
5011 9189
3426 7825
3266 7751
9771 9542
1772 1452
1937 1446
6243 3391
4031 9839
8566 7864
6801 4588
4367 677
530 4265
5236 524
1251 7157
3089 9250
4349 3839
6873 6013
743 1950
6820 8122
4503 1421
6309 3135
3095 9335
7330 305
9388 8902
8714 6938
114 2454
4575 1355
9980 6318
5724 1530
2500 7997
896 626
3493 4308
1897 579
5204 2738
5473 2241
9159 3799
3123 9949
2444 2432
9222 8694
8125 7442
7569 8794
2748 1137
2710 4438
895 2968
5345 1756
5137 9137
3 6929
1133 8215
8091 7969
9964 8750
4865 2394
5520 8631
5520 1853
1023 4869
5300 1340
484 6989
757 8396
975 9674
8316 9217
9876 8904
3985 525
5609 233
1386 6969
8472 1562
6321 5331
4963 3548
5333 2437
5055 1378
2391 7778
2623 8373
5958 5676
1638 2792
4390 2694
9645 6582
3705 7157
7183 2666
8348 2642
1064 9943
4385 5070
2126 114
3821 1389
8462 5533
9977 4153
4205 4446
7058 6232
7332 5987
662 2556
3988 1543
7345 4782
894 4191
6207 2808
9639 5363
7061 1345
1903 7759
2919 9279
8272 1068
1070 9206
7440 6749
1818 3294
3624 5728
3106 7565
1495 6508
2393 7879
9530 4035
4660 5467
5388 6546
375 1552
9715 7565
5086 8509
826 7189
2678 9978
5321 5072
9017 8434
5257 6266
6210 7848
5520 2882
4978 1171
3488 9262
2303 9559
2448 5070
3989 7068
3750 3815
3550 1551
4848 7953
4354 1077
5730 361
9831 938
3183 3597
6388 9548
1607 6947
9591 2522
3794 5730
6248 9087
3195 6320
3874 7827
9274 5272
8254 3592
1830 7251
493 7045
9967 2106
1458 931
7961 6642
5084 6874
3096 5217
3611 384
1105 6903
467 6478
62 9488
5859 6305
6487 7556
756 1912
2320 4976
538 7155
8583 8398
2990 1568
1156 2796
37 2436
5773 935
1310 1466
6787 7004
2344 3982
5407 7201
4329 1362
3962 8510
2949 8907
2091 8630
4714 5307
4719 2952
6300 3005
3217 8733
8730 7997
4050 4844
2820 4878
7838 5585
1668 3964
9697 7361
3267 6607
5615 2239
9354 3746
3531 3849
1857 3636
495 4941
2672 7529
3125 2540
4960 3220
5506 3717
8429 6435
2274 135
168 2481
3522 5955
1610 7811
2366 8677
3973 3443
1267 2156
9160 6839
7106 4525
3678 7392
5510 747
788 8236
4665 4524
9584 8809
3178 5545
8936 5821
2005 5496
4706 8770
1956 7956
905 905
7764 5679
1654 5415
6538 1560
445 7435
2786 4101
6421 8381
7910 3658
6401 1518
3038 8044
7354 6585
3294 1884
4576 4895
5462 7036
4559 2972
606 2257
7216 9248
6816 9046
4295 6851
8439 4499
4604 9639
967 6720
2600 9199
7330 7822
2701 5829
6699 2925
5627 1333
5729 648
7888 2052
3803 1922
9139 6099
8112 4904
9668 3833
8868 673
5816 6710
5377 3815
7522 4093
4423 841
4120 4383
6648 8627
266 5469
245 5484
4771 9112
6319 805
2443 9530
829 1937
7952 5961
6411 2222
8684 75
1331 2364
4238 1434
2829 6547
3474 9634
1106 8832
2565 4287
9145 7043
8054 3481
9608 9425
5377 6457
2557 903
5768 7996
4766 7946
690 4003
3316 6747
5814 1820
9244 9178
1062 669
8615 7690
3648 4981
47 1701
2498 4193
2485 447
8318 5648
5232 9007
4423 307
2838 8313
4911 4236
7682 8709
6782 8658
6030 3745
4821 2302
3898 6469
3435 162
5980 9849
5951 434
2330 8520
2378 2408
2820 2449
7752 6394
4597 1086
1626 6817
6979 1501
7278 1410
438 9949
4585 4205
3277 2867
1550 1979
1919 901
3098 6617
6955 3177
7379 3335
4780 9820
7400 7529
2741 2155
2443 1353
4191 5763
6700 3263
844 6343
1100 7150
8663 1431
5029 5176
2114 3172
4332 3086
3771 6124
2941 7316
5395 981
7932 1136
9830 2557
2499 9779
5725 6177
816 1274
3860 3038
3765 6541
5506 8384
4263 987
980 4759
672 5745
1218 6745
368 2212
4486 4358
2488 284
669 4224
8278 4642
6723 2291
3168 7884
3273 8735
672 9610
8218 8357
3728 2374
873 6926
3410 2154
5635 2859
4903 9825
649 6814
5263 5947
10 1004
6570 5041
3719 5408
4686 6852
8711 5973
8467 5651
6465 3048
5474 9227
7388 2447
2691 8489
2185 8112
2247 9635
8467 8523
3973 5067
4799 6439
821 2898
3660 6737
9815 6539
6070 5803
9846 9372
9802 9225
1524 2299
6122 7986
6278 3908
4561 7161
772 3637
8448 5407
4389 7517
6427 6544
8255 8078
7748 7546
7930 8827
9487 6893
4632 9176
589 5900
4164 6277
1982 5108
4950 715
9613 2344
7628 7844
9872 8755
6571 7972
3313 985
1925 5612
8433 3437
9745 1799
2864 232
348 3661
7181 3586
7819 3895
3160 7321
4853 9436
8456 3702
1130 7265
6793 5977
5219 6370
3228 1065
5940 2170
945 5822
8255 447
3988 4668
3505 466
4674 6361
3441 981
7130 4471
7836 4221
476 4281
4433 8885
8452 3901
3607 9177
253 7058
9155 9036
2605 1942
8637 9596
9302 8302
2952 5526
6161 9577
4297 253
5792 1146
9949 2703
3279 4511
6206 4939
8563 6932
3766 1286
730 4454
9439 2631
4234 4328
7275 7726
9072 8167
9277 6497
2799 1095
3789 6460
6213 9577
5589 2158
763 4436
9070 4878
1921 6372
9898 8784
9764 8088
4898 2493
66 5383
3027 9165
8453 1353
7091 6756
3030 3385
6823 3096
6460 7061
1293 1933
8588 7866
2103 1380
7138 6271
2557 6169
2342 2507
381 1802
7596 9734
4098 7052
8783 3212
6323 138
640 589
5634 4831
7389 5909
8015 6079
8307 4835
3935 4631
6149 5073
6475 7315
9469 6936
8322 4307
8384 1347
2659 9976
7039 9298
8218 5939
5266 2836
6951 9864
3862 7153
2065 5505
1534 5201
8983 2958
1778 9973
9124 679
9448 5276
6897 2354
2357 9006
3788 4713
8238 6980
5855 514
8130 8348
4456 3976
6646 5230
5365 8525
2821 7040
911 5214
3010 8237
8840 2417
8583 8716
7917 8731
4431 9124
673 6739
6748 6363
4043 3154
7629 6156
2865 1338
7875 9773
4147 1652
4854 9156
2654 2082
1552 978
5646 6704
6176 7254
4070 6425
6178 3082
4066 7886
6015 5756
8860 8525
2475 3001
1662 2245
1546 3535
5504 2460
8818 4781
516 8813
767 9834
1261 1995
2215 2983
4293 1188
2189 8006
2709 9829
2962 3412
3386 4070
1458 4225
2343 6138
1650 6194
1339 9124
8936 867
4066 4094
944 405
4068 5459
438 2964
92 3453
5063 269
2677 8063
9702 2002
8516 722
2453 5253
2776 5868
4458 8863
3683 8581
2807 9399
2441 2506
4056 4882
5008 3521
3575 7495
4881 626
6595 5678
6956 4300
4537 7821
8411 1924
7734 1052
166 598
5307 8106
6389 2788
5783 9722
67 4916
7924 1983
8634 2021
3039 9759
9561 1404
8797 9948
1826 3223
4682 2189
4707 8849
7826 2981
9522 2177
1652 1129
8250 8930
1620 2350
5622 4429
8358 9975
3987 1352
6422 3524
4232 8102
7178 3240
1178 6100
270 6101
9348 1658
9679 1331
9231 9810
4312 2063
990 4119
2033 7933
1396 9959
1717 3395
3582 1498
3356 5445
7098 3269
4824 931
9509 9277
5523 5242
7180 6476
5411 7344
5204 2763
6540 3410
9107 4180
9671 2488
1294 9106
1102 9074
1735 973
7670 9997
3326 6328
3166 160
6080 1085
2319 7400
1367 9837
8289 7122
611 6357
9189 9166
4689 7439
2146 9711
9465 9741
4860 2590
5322 7835
451 5924
2432 8022
3827 3780
5509 5778
3256 3790
1000 1801
7411 5659
9187 7395
2006 62
3859 6512
8165 3871
3936 9693
1925 9861
8587 7329
5324 9765
318 7701
7557 7801
5057 5429
8461 7268
1119 6956
2253 8507
7821 8457
5477 4578
7110 5367
7815 4680
9323 9162
4921 4668
5020 6269
4976 7057
9699 6330
2897 7159
609 9101
4317 4794
9261 8654
6645 5174
7202 3636
641 4460
2382 2257
867 1566
5173 2098
4314 9163
6420 88
513 7682
9208 4014
3610 9470
1679 8516
1566 994
8252 9234
3312 4912
4652 6522
6663 3178
4628 8239
4510 8503
137 7864
7413 7133
7630 7090
9398 7949
3675 1129
6408 3791
2993 7155
9605 248
5509 4785
1983 3428
5506 9059
952 5187
8246 3291
7926 2234
8235 1445
2558 9647
8853 9284
6073 2764
1653 5648
734 7746
1819 773
2802 985
4912 2966
6469 3993
3009 130
7608 420
1761 32
9348 7037
3489 6161
4721 7643
6751 3466
4855 431
4146 9086
2756 8809
8434 1863
9281 654
9148 9237
7796 7700
9592 9389
1615 1878
4867 4575
4138 4941
7603 5562
635 9105
7605 7179
4939 5974
4704 7175
5736 2855
4475 7590
480 4364
1442 5341
1730 5731
7341 7171
2640 2879
9783 5705
5600 1469
9691 4770
6243 370
2431 9782
6967 6733
4914 9533
9899 252
6258 6295
7319 7746
6933 6332
2676 5079
2298 8831
5288 8273
1886 5718
994 5946
8575 2477
9863 666
2029 1054
3656 5381
7204 8060
6668 8837
3912 231
7203 2132
9179 2572
1649 9186
2354 2562
6259 6519
7089 6453
8165 3209
328 5382
9485 873
2610 3499
7228 9359
3660 9563
6693 18
6986 8169
5779 7096
7172 5545
8646 6884
3595 1581
6249 2720
8568 3997
1693 7345
7107 1423
9316 1611
5281 5293
2627 2835
6680 7054
5105 4395
2049 1193
5385 8872
221 4973
1592 8955
7963 489
4053 3139
4827 7772
1083 9130
4884 1900
6605 2871
6544 874
2639 8778
5772 5696
6943 7351
8453 7808
3669 1980
7264 4367
921 4418
5677 2140
1149 4686
5406 9842
1067 5528
2895 9357
1026 9447
8194 6222
5603 8158
5685 9250
612 4577
3804 7997
6623 2402
4517 3626
8944 6176
8152 3177
8927 3410
3008 9145
2862 649
8976 3865
9847 3718
9161 2238
488 8176
1688 13
2961 490
456 3738
5674 2348
5296 1873
6701 1856
3817 8917
283 8150
1313 1796
3039 3646
6196 7627
3757 1345
3573 266
5211 1554
1477 5417
1021 5989
5048 5615
5096 3282
5462 2718
9413 6663
4322 1463
1567 5026
7022 3027
4165 9935
8276 2357
8075 1275
4373 4976
2872 5875
3776 9013
9777 4006
519 7000
2536 9475
3958 2840
5685 7873
6581 9699
7799 328
9121 293
1475 842
742 1648
4536 3599
6660 3260
6395 2450
8738 4259
5592 1108
8535 3829
3245 8490
7553 1775
410 963
5252 2905
9646 4206
7586 842
8537 8979
5209 3784
9289 6918
6884 9296
6919 4381
997 4117
6557 2857
7932 4224
629 5019
8926 3805
8136 6774
5989 7453
5655 1960
7949 3978
8131 4014
8267 3495
8028 2341
378 8300
6252 6231
4259 4777
4731 6676
8062 6091
5941 8321
3095 7877
7029 7764
6741 8552
2718 7179
9930 1774
3507 3733
4200 4440
3745 2608
6018 2653
2681 6386
6961 3181
186 4745
2792 9557
7845 751
4598 4462
1040 2205
7736 4534
4050 8508
6760 5887
618 3944
5443 145
8766 335
2592 4910
3623 7304
254 4944
8248 2920
3318 1697
2438 512
3976 6505
600 8603
6652 8221
5050 7092
3246 5313
4831 7156
5847 1082
3230 9298
691 7902
61 8620
606 812
6761 7875
8602 6784
610 3827
5989 2035
291 7152
6605 7525
4526 8139
7487 3319
9407 1697
7072 7985
9583 7908
5803 3620
3188 7206
5149 9810
4027 8718
8999 4241
9798 182
5249 4188
1431 3713
6093 2577
8731 3532
9779 3145
2681 1598
5908 4712
5593 3293
5188 7552
7829 2183
7673 659
6043 8633
2353 6997
5607 3180
4113 7268
1575 7155
4105 9993
483 9490
5129 4563
4351 5573
4881 3098
6716 1937
11 7492
5857 6161
3389 4801
589 3098
4640 8392
8213 1776
473 7036
8272 9072
979 3390
33 3170
8315 5041
2042 5807
4261 262
1593 7588
6257 5994
6129 5860
2121 1415
1354 3321
4973 2513
1805 6073
764 5924
1421 7952
7249 293
8789 1114
9347 8930
4814 4299
3838 5752
5338 7287
6094 8330
9108 6371
2104 5559
5541 1319
8659 4291
7256 6593
4394 3442
5990 7733
6645 4846
810 2818
7034 4622
2451 5564
5034 9822
6844 1804
7208 1178
944 7440
1644 1664
3759 3057
1500 2948
8460 6983
6357 8444
5492 3199
5763 2858
1639 5680
1780 6593
9473 1716
8286 7680
6476 5631
6911 7858
2050 3326
7479 8860
8737 6202
9914 969
54 9244
2657 3216
3407 4950
6330 4328
1163 3756
7504 4156
7987 1844
7190 964
1881 3053
3878 1753
7046 9927
1667 7595
9035 720
803 9394
614 9298
9441 9804
6734 5923
7262 8208
4136 855
1669 5022
8271 2194
3815 9901
8737 316
9251 377
4143 2645
1417 3600
3100 786
9359 6683
1 3
5 11
6 9
1 3
5 11
6 9
5 4
3 3
1 1
1 3
5 11
6 9
5 4
3 3
1 1
1 3
5 11
6 9
5 4
3 3
1 1
1 3
5 11
6 9
5 4
3 3
1 1
5 4
3 3
1 1
5 3
9 11
45 34
21 65
1 665
4 9
2 0
6 9
1 9
6 9
1 3
5 11
6 9
1 3
5 11
6 9
5 4
3 3
1 1
1 3
5 11
6 9
5 4
3 3
1 1
1 3
5 11
6 9
5 4
3 3
1 1
1 3
5 11
6 9
5 4
3 3
1 1
5 4
3 3
1 1
5 3
9 11
45 34
21 65
1 665
4 9
2 0
6 9
1 9
6 9
1 3
5 11
6 9
1 3
5 11
6 9
5 4
3 3
1 1
1 3
5 11
6 9
5 4
3 3
1 1
5 11
6 9
5 4
3 3
1 1
1 3
5 11
6 9
5 4
3 3
1 1
5 4
3 3
1 1
5 3
9 11
45 34
21 65
1 665
4 9
2 0
6 9
1 9
6 9
2634 3989
862 3333
8559 5100
4345 9513
3776 9247
8084 1338
668 9130
8609 8396
6776 7622
2127 3081
1020 3026
6360 4178
6741 9478
9741 6766
110 3336
1127 4986
8953 4619
1991 3986
5883 3365
2043 8660
3563 2968
3000 4834
8974 5936
1843 5934
2907 9016
187 8263
7197 7599
3374 196
4257 8674
7331 2608
8816 8923
5551 3119
4117 8179
9204 4217
1223 7939
9077 8313
3934 5099
201 1849
7224 9524
9229 6458
9739 8228
5725 2566
6213 2666
4366 8740
7029 2523
9777 3197
7655 7568
6002 4319
4112 6051
9882 7602
4501 2043
4425 7236
8276 1089
8496 1193
588 8370
5591 3723
7268 3987
7829 1498
648 1552
7286 5235
485 4274
9197 4614
7049 2218
3110 8295
2910 9591
628 1596
4677 3418
1930 5123
3850 9017
1167 6416
5523 234
8915 9090
4274 5569
7050 5639
5981 7993
2070 5121
4533 5119
7878 6930
6534 2492
567 5184
2582 7663
3107 9177
4993 3048
2685 5915
2224 6928
4981 4420
4218 4824
9720 9016
8062 6327
3749 1572
4642 2208
7043 337
4672 3142
5765 7721
4549 7751
6032 2794
2912 6333
3297 7149
3463 8456
5478 1126
4588 8956
8571 2799
3168 3750
9384 7591
1297 4142
8237 5123
4754 912
9856 5829
9899 5614
1093 9392
6870 5676
6372 4479
5875 7873
3001 852
2676 4951
5956 9294
2451 7296
4492 9641
9645 4267
9341 9916
8292 6898
7019 8733
5093 2990
7660 2697
2519 7491
306 5364
8685 2474
9178 9959
6499 9794
6234 2728
5867 9580
2928 7144
8168 3198
273 5541
6313 5490
9015 6116
9379 5265
3721 8094
3546 9712
6403 6538
6788 6314
5513 3995
5529 7653
3682 754
4245 8405
3293 8263
7770 9398
3799 6207
9281 6721
8149 3297
7296 851
5966 5990
7 215
7976 8193
8586 7946
7838 6276
7914 5617
1187 7986
1386 9107
9117 564
4852 5445
4060 1759
2942 8520
3090 9904
9256 257
6125 7099
3958 4977
2258 4332
3887 968
3591 484
6798 5911
3320 4746
2699 867
6917 4707
3921 8257
1687 7029
9766 2775
7141 7446
4624 4237
5455 7059
6142 4396
6233 3748
1817 2945
1212 2682
2666 4711
2937 440
8676 8692
6257 7152
6316 3832
2369 8577
6953 6692
6037 6554
1791 1186
5253 4423
3786 4758
9971 8775
13 1297
452 2776
9057 3834
6228 841
117 6176
7616 616
798 8256
2091 1684
4814 5743
5279 7555
9766 6046
1969 6136
2225 8510
8209 8320
8602 8926
855 1288
6668 7275
400 2256
6908 3612
9998 5517
2679 7196
7162 2439
7014 1600
130 7587
8694 7710
521 4965
827 9915
3578 3281
72 858
1218 2008
6617 7805
8627 5995
6707 3574
640 3863
9263 5314
3203 9269
7113 6989
5246 5757
5352 4095
7023 9142
6865 2392
7894 2633
1023 903
7304 7931
2751 1016
2862 5096
9561 6334
9998 4013
1067 7514
2864 2951
5247 5452
2913 975
1907 5949
9614 580
5131 4442
5932 4882
6342 7842
4281 6035
3434 7353
715 5037
9516 3331
5582 5613
8057 7465
8684 7136
7891 9810
8296 5850
6563 4108
2916 8245
7599 1329
1956 1875
5368 4162
6016 7636
3314 454
2317 5283
2818 5832
3671 7623
8859 4265
1484 9475
8601 9461
2015 574
8612 6612
2315 5896
8351 2193
6922 9679
5962 9626
2113 5931
5744 9855
9595 5230
6049 292
9400 3507
8741 2043
8319 7931
4525 5862
7577 9401
9490 6181
3091 2126
4959 2754
8519 4882
5183 751
364 7173
8936 9018
1412 3964
913 3784
5022 1218
6641 2754
8699 8404
1333 2424
9631 3642
7961 821
9261 9219
9046 8192
7603 8976
4397 2802
9756 8160
6648 1180
1635 2305
8109 9143
3873 2375
1381 5651
2897 7396
3074 8527
6845 969
4922 4271
5447 4072
2968 258
4209 153
1395 1300
1943 1046
4899 2218
1139 4242
2748 6395
8980 5258
4010 9472
7248 1448
4426 1358
2890 6824
2078 8687
9258 2021
4190 3754
61 2045
4562 2172
6322 3219
2509 6903
3449 7846
1712 7952
4601 4327
4609 4039
755 1903
5265 3188
4630 6785
3798 6067
9612 6640
5482 2215
6499 9809
1991 5315
3094 6617
3715 9091
7773 8072
8628 6874
6281 8581
4623 8139
7701 8294
2860 1916
9547 6496
2706 9083
2892 3214
4124 3332
4129 2859
9238 5706
3634 7748
202 264
600 863
6170 3472
4687 8200
5082 9988
8360 170
4640 5060
1138 518
8842 7704
2234 4792
6490 3899
727 3336
3643 7119
639 4674
2260 7535
8274 2542
2850 9613
1038 8817
4574 4559
7795 7183
3601 157
126 4360
8554 4199
28 4852
9482 1252
521 9089
2485 3790
8550 7240
2655 1037
8499 6118
1793 6710
9755 4089
37 7822
2183 1896
8212 7837
5581 7277
2419 697
5748 2987
4942 8776
3264 7910
7595 7191
7267 6430
4442 3477
4098 5827
1058 2868
7835 9900
8207 4444
4209 9092
5747 285
6842 8343
8756 6436
1844 4205
616 3043
2487 6633
4469 8763
9208 4084
6701 1304
5194 7002
6699 7076
5045 3650
6025 7796
7824 4684
9270 5469
99 5723
2233 7994
7027 1040
2380 8752
1913 9683
3634 2853
5183 1824
6896 256
9666 8379
8486 5362
6018 9301
2064 7181
1042 6357
1878 8969
930 1791
7687 6009
8883 6067
3774 8779
6418 6999
7572 8227
6110 5077
4811 2609
6567 3732
7458 2652
6609 1779
8893 3362
1227 9708
7809 7661
1612 1355
2918 5976
1318 7849
4248 5430
145 1841
8802 3063
649 6752
6670 8542
9397 7116
9790 5804
2955 8901
9143 9022
2639 1739
6501 5070
7199 2206
7274 570
1541 1866
2901 3618
2794 1431
3529 5803
2596 4970
953 5139
1598 550
3967 9007
7854 7610
8692 9846
2639 839
9272 6761
5909 3013
396 4382
175 4971
6131 152
1160 1132
3565 2920
4662 3933
769 14
3084 2127
2382 4393
2879 521
9843 5769
2916 8017
3821 9124
679 1308
2690 416
6872 6520
2680 3044
4336 5418
1985 5830
7058 911
2035 1380
477 8150
5944 5456
5192 7033
66 5027
9266 8274
3391 4569
6340 8412
5137 2828
4272 7057
2850 6787
5944 789
3866 9374
7020 6855
2407 2130
9001 8182
5217 4098
2912 1396
4562 1404
4635 9418
8449 7922
1831 3494
9872 7392
5735 8441
2702 7280
2371 2694
1855 444
310 1809
556 3200
9190 400
9167 6709
5449 2660
4500 7684
8513 1751
5457 5305
3400 4326
4917 6195
2631 1219
5234 2899
9318 6939
9043 6480
3068 243
3204 6670
1681 5751
9664 4994
43 6038
9205 9240
2476 3112
9997 6873
9692 4511
1676 8355
4599 3300
4617 3313
7739 9090
3576 5531
546 2581
5042 7205
7756 5539
8629 5440
9590 4487
9053 9065
3028 4624
5970 9253
4854 562
922 5776
3560 9164
800 6523
832 6666
1324 9378
7197 7609
6803 7236
4133 3557
3966 4812
8771 7382
4176 7259
4099 8231
9109 3670
2909 9856
1684 8658
2215 9749
8862 8612
9688 4917
1151 519
2240 3217
7402 8445
5891 6016
8035 8161
7629 6851
8439 9437
6561 7767
8444 6796
1079 4777
9456 5651
897 8726
7822 7556
65 1032
6545 4845
4245 6739
6180 1170
3050 8068
7180 278
1215 9840
4223 5058
2942 2067
5678 4526
5091 3126
1530 4549
2090 6151
8701 4192
8572 2626
5017 4762
2647 3109
4830 7290
3851 1383
9742 6281
3157 2591
5552 6851
1412 3393
6552 9851
8346 4359
2570 9124
835 8733
7879 7761
1272 674
2889 4396
1851 4360
1544 4614
4068 8805
2750 7639
7273 7415
6622 7149
8992 6343
9689 6747
3988 185
9326 4301
9376 1036
9054 8994
6592 8609
314 2883
4691 967
4991 1193
2573 7118
8674 8760
9349 9592
4157 2830
1619 4162
2299 5455
336 3806
6571 3073
4854 8951
7350 3076
6825 2230
1087 6305
2349 7749
1451 6932
4720 3920
4894 6677
8466 5970
4142 1211
9006 5250
8701 4540
4280 8478
7682 7643
1442 248
4107 5481
8617 5959
7353 1265
2682 3906
8949 7096
5228 7237
3845 5912
3880 6046
3095 5467
4936 7793
2148 7290
8445 2377
587 959
9619 8029
6527 8829
7226 3929
287 3681
7451 3471
8034 3371
480 5401
9624 2396
9302 949
4428 3652
1745 2729
6698 4356
5668 3001
9278 2509
9705 1173
7205 6735
5063 7274
5488 2130
3636 228
6892 3140
299 331
4343 3494
1311 3561
4336 1629
2423 7209
1216 2965
1687 4345
9806 5913
8769 3339
9508 3411
863 7269
8467 8738
6755 4586
3075 31
4252 383
4901 9460
4394 9593
2964 8183
2083 7397
8966 982
9756 9776
7157 4673
3756 234
3017 2496
2621 1823
7061 5940
4407 8909
9420 4654
7042 1990
828 6845
2444 9295
1527 8415
5364 6136
4441 2845
3726 5997
9378 4756
2997 4276
6422 4883
8136 5327
4843 7927
5009 581
153 5828
8210 8962
1344 2345
7415 8455
7015 5781
6104 7647
8669 7118
151 1781
4252 7753
7326 3085
7678 1461
7899 996
8364 9288
2083 919
7601 6354
3683 2073
6898 1179
8363 121
9291 9381
8201 7691
6360 2792
6509 1261
333 9903
1314 1650
5993 4497
7396 9476
624 6133
7266 533
8820 520
5040 5025
9088 9140
7249 4764
3417 7808
7454 2371
9533 3469
1461 7550
6800 707
9705 1592
2908 3221
6972 5148
9375 6726
8222 5410
60 3135
2456 6284
5657 1395
2800 7426
6251 799
4303 9849
2314 7959
8509 8677
3429 3145
5267 7981
2577 6010
4825 1175
4650 735
509 9588
7726 7935
5384 5861
3044 5074
2406 8618
7080 7678
7107 5284
8846 5997
3591 8315
3069 8226
544 8232
343 291
8841 9635
1917 427
1955 6841
3343 9907
1865 8862
3991 2068
3716 5918
6644 4314
1092 4129
2902 7186
9670 4224
7356 1891
1062 6626
3872 9689
8048 8435
3947 943
3600 6757
7290 2584
9750 709
1676 698
4496 3518
9957 8682
9927 6571
3269 6956
7532 3389
4248 9674
1374 8005
5722 6083
570 2355
6577 34
8981 2344
6606 6923
2895 4924
5285 2482
3372 9557
7387 5841
8765 5856
6200 1598
6290 6609
5390 6103
4720 2159
3230 7877
1307 9002
7562 7982
4482 3945
5928 6583
6287 7361
4649 2775
9730 6837
4692 7769
5499 9973
9347 4097
6014 6986
8988 7711
9535 7066
4818 7396
6445 3645
6146 9270
5706 9395
7455 3544
4707 9229
4693 9229
7800 1930
136 7360
9532 1772
403 9624
1177 1196
927 1053
6585 5881
8147 9247
5391 2607
9060 2111
4292 6629
1790 5995
148 4690
2782 7375
2469 8098
4879 5002
746 1052
7867 8891
3329 1987
7579 5872
7435 5692
3813 5760
426 2806
6252 9695
6079 1907
2359 8471
1692 8493
7741 9947
3829 1170
8888 2735
5350 5320
3052 2761
2154 1820
7097 6564
4113 5580
4047 2587
2133 4299
1594 7255
1642 9876
1380 480
9083 7684
9342 7591
2244 5167
1463 9228
981 1841
3170 1544
7424 5060
8089 5349
2806 6725
8132 1978
7897 7750
5771 5433
7555 4963
4929 1670
1983 5336
9977 2002
8051 8483
6367 6822
9598 8813
1754 696
8294 9486
8889 7625
8330 6137
4179 6996
1588 7545
5384 6155
8383 9409
1008 2537
1518 3448
6726 4702
7989 5014
1563 5017
3783 8240
8185 2937
434 646
5628 5324
6087 6659
6737 7772
2849 4570
1760 3931
4086 7611
9245 279
8655 9576
7680 9130
3829 1657
8179 5196
3488 8929
7064 919
6984 6826
9591 9352
9385 7845
6847 9141
7363 4651
5400 9107
1183 7961
7460 8706
9069 7258
6886 9319
3977 1444
3419 9400
8605 8811
3944 4548
8352 4482
9799 5371
4647 66
6390 7856
4691 940
8962 8671
7339 6923
5681 7134
2209 57
7697 3969
1345 5563
4288 8772
3182 7705
15 4662
1278 937
9287 7531
7131 4980
4574 1912
393 4135
4604 844
2672 6464
9165 4687
7542 1495
8078 1084
2277 1477
7633 8733
585 3663
5387 9976
5990 7926
5130 8044
8179 2574
533 334
8962 8742
9008 8096
5405 7499
1224 4728
6557 2817
7520 1117
7905 964
8395 629
9655 8637
4260 2321
6072 9074
996 4829
9592 5726
8882 4410
9035 9016
4092 4617
2732 4377
7755 5155
785 4000
3072 6859
9254 4809
6375 460
3092 9887
8367 1290
5537 5208
8357 7058
5742 3328
6738 4209
5824 2439
1188 5199
1106 7553
9142 337
8198 7985
4082 2349
6813 4951
4850 8311
5648 606
9811 9036
6990 4958
624 3302
6508 5232
4700 2863
4811 2605
9735 3133
9018 8629
3925 3495
6979 7438
5807 7292
7456 5278
712 3783
4779 1635
2817 8191
7606 7794
5280 4746
5887 6774
5534 3429
1258 3406
329 3157
2294 5769
9848 5545
7633 942
9240 9155
8649 8377
1803 2124
7913 37
4152 5146
1312 5091
9478 3353
1801 9271
7705 128
8879 952
3806 4388
7358 6732
212 2354
1626 4903
5633 9815
9072 4449
519 5667
1685 7922
7991 1507
1964 8641
7964 8342
1856 765
3527 5176
1916 3655
4878 8044
7423 3456
4011 8805
971 6077
590 6614
5601 6236
6555 7839
8715 3143
7509 6061
3558 1890
2000 3951
9313 7019
7467 9801
567 3103
3695 8819
498 8646
72 756
8544 7379
5387 4035
1382 6526
6199 154
9055 2083
8705 1275
8866 9280
2069 1133
9116 2457
9904 2841
2602 2627
4246 3385
8431 5243
4077 9452
1357 6788
2185 7644
7972 8441
2120 1397
5396 4344
2780 1718
4445 3120
9172 6882
3197 393
6839 1588
2401 9537
1293 8745
9161 756
8686 8749
9295 9512
6712 6397
1922 1110
2844 4711
9664 7504
4365 8980
1510 8784
8404 9171
3571 7273
5258 3435
6706 4010
5310 8559
7731 3264
8619 1681
5134 6636
5685 3540
9239 6972
3698 6228
158 4383
4498 5670
1899 6264
1414 8891
7737 7177
2812 1498
4411 1781
3123 7684
4197 9951
6441 594
9082 979
9678 1321
8330 4738
4971 8580
1877 5553
2550 7738
3442 9477
9745 1962
1949 9969
785 8892
5601 5837
1910 3354
7723 3479
7755 2193
8632 8926
8593 6207
7998 5032
2856 6546
2408 6789
286 4937
7602 2923
1843 7931
1100 9483
9218 680
516 9695
9875 71
5565 5051
807 3264
207 7708
8511 9462
453 4897
1788 8114
5902 5770
4213 2371
3715 9136
3587 9249
2863 8945
7950 96
3255 3632
5458 5074
4389 2123
2598 6675
5499 953
298 6717
9634 1888
8522 748
869 488
7080 5317
4569 2629
329 2330
1128 4354
9281 4976
7448 7283
1100 4298
4365 8881
1519 9612
2270 2160
3436 3264
4683 5209
5228 6488
6313 9344
3089 7874
8121 1594
685 9351
2559 1615
3465 862
1292 4668
8257 1018
1559 2500
5083 7046
2043 5831
9428 8673
6782 5651
3299 894
6989 9915
4396 261
4379 8791
6449 6325
7650 5669
5739 8289
5692 1658
585 5490
9500 9415
4986 1354
6637 8303
3193 1145
7525 3970
4346 7905
8821 5138
4489 9961
5411 5704
2048 4893
6744 9830
1688 5371
8161 1309
8170 979
9342 1225
6695 6106
6700 5788
4121 1441
4324 7302
5617 1204
1428 1632
1743 471
3938 2631
6184 4432
7315 5530
3706 5827
6576 2708
1991 1897
5103 7592
7652 5132
7202 9837
7918 4249
1146 5471
7088 2422
6658 839
7464 1061
3832 2886
4803 3799
2894 5868
4202 4752
9000 9556
4560 3383
6194 7757
6258 8518
9340 5702
8813 4675
2850 7168
7341 1873
6568 80
2617 1558
3452 1451
3728 1316
144 4618
2364 2782
4956 5535
4652 6469
7008 9675
1001 4548
1898 6522
9045 3430
1623 7810
914 8853
3959 4335
2020 966
5273 4143
5908 7657
5362 1941
2243 8408
7230 7520
3511 2629
2189 4867
624 4435
2550 6614
6165 2032
2494 6926
442 1503
7418 3626
9680 5106
7883 2227
393 6316
6356 6185
1542 1085
5911 6486
4028 2707
5316 2137
1176 8186
193 937
1783 2733
3751 2712
8085 9618
7887 9593
7876 4094
4556 5326
8220 6933
34 7494
2367 1622
6780 2008
9553 4724
8430 1155
6196 6826
1931 538
5581 7004
3709 5594
6112 8903
8791 4649
5789 336
3427 9127
6223 5701
657 4985
9806 3456
6884 6557
8478 8844
4005 2352
4342 8482
7728 3496
2655 7090
7981 37
8405 7982
5858 8006
9743 3587
9401 9927
232 839
4127 3436
6752 7780
4962 3754
7860 4028
8466 886
2093 2185
6306 5209
613 2965
8562 5074
7945 2370
1363 8856
4669 7954
6657 7019
9625 9196
5365 4640
2544 1349
1584 3211
2568 5601
9791 6725
365 5093
8757 2909
6516 649
9917 3295
51 8271
1600 3389
650 3048
5153 211
1135 6367
2634 8867
9336 2676
9955 9725
3033 2688
1112 578
3712 1945
2780 703
4135 6427
6316 3297
9515 1073
5849 6349
3188 2275
1661 2934
4320 2791
5238 320
7835 1776
3400 3824
7240 7930
5151 6526
8132 9986
50 3824
1380 7566
8772 2286
623 9785
5504 6209
8442 9394
2786 1632
4182 5461
9620 7750
1065 3773
1980 7327
1041 542
7460 8585
7916 6220
4540 6701
2372 4605
9917 6126
5298 630
1979 7169
2275 2375
4537 4237
9735 7231
1 3
5 11
6 9
1 3
5 11
6 9
5 4
3 3
1 1
1 3
5 11
6 9
5 4
3 3
1 1
1 3
5 11
6 9
5 4
3 3
1 1
1 3
5 11
6 9
5 4
3 3
1 1
5 4
3 3
1 1
5 3
9 11
45 34
21 65
1 665
4 9
2 0
6 9
1 9
6 9
1 3
5 11
6 9
1 3
5 11
6 9
5 4
3 3
1 1
1 3
5 11
6 9
5 4
3 3
1 1
1 3
5 11
6 9
5 4
3 3
1 1
1 3
5 11
6 9
5 4
3 3
1 1
5 4
3 3
1 1
5 3
9 11
45 34
21 65
1 665
4 9
2 0
6 9
1 9
6 9
1 3
5 11
6 9
1 3
5 11
6 9
5 4
3 3
1 1
1 3
5 11
6 9
5 4
3 3
1 1
1 3
5 11
6 9
5 4
3 3
1 1
1 3
5 11
6 9
5 4
3 3
1 1
5 4
3 3
1 1
5 3
9 11
45 34
21 65
1 665
4 9
2 0
6 9
1 9
6 9
3449 611
2755 3946
3687 1644
831 4704
8958 4859
4169 9907
5819 5422
8374 7720
6518 8989
9132 6262
5902 2872
9104 6009
9563 4027
1076 7742
1096 8039
8913 1175
6184 6284
6883 5434
2692 5122
4459 8772
5548 5444
3406 3521
2842 2026
7462 8434
6344 7359
7980 9321
4690 8736
2028 822
5897 3023
8988 4819
5284 416
7274 2060
8972 111
4965 4870
1144 1297
3090 3731
5454 4774
2054 1125
8465 6712
3835 375
3311 8215
1164 7128
9246 2788
4708 5691
6424 4866
6515 8361
9955 5697
2716 1117
869 2633
4970 2274
9947 6993
1549 4945
4565 8703
281 4911
9666 9787
7957 6519
2520 4216
2988 915
2922 6535
6648 1990
1852 6558
2994 8535
2622 9888
668 393
6643 7385
5371 4396
2810 4195
8806 7245
3809 6899
6050 2901
1160 5185
5042 9594
3197 7889
8443 3381
6144 976
1321 6616
9785 7899
1641 3860
8905 6128
3680 696
3224 6214
5636 5338
1490 1899
9201 9822
8868 6174
4014 7842
9006 8657
3484 5995
6717 3445
9231 5597
9098 3015
9447 983
4562 3906
7454 8239
5826 7224
7411 4096
566 8371
7740 8252
6647 7526
6834 8852
4930 2692
8362 4909
9354 5734
7915 3649
1906 8148
9870 7260
6236 672
7021 7852
5444 4315
9182 7602
2898 461
5611 2769
9689 9202
5186 4429
87 2033
7127 4782
8040 5340
7247 4519
9370 5729
7753 2911
2099 7344
5242 3510
3429 4
9880 6157
1786 9131
225 7595
1326 9662
726 9267
4668 5277
510 1135
8002 8644
4915 3277
7143 2996
4655 9225
1104 6190
4357 9782
7606 1825
5812 5474
3608 4079
7167 6632
5071 7392
6870 4086
4742 1890
8972 3869
9447 9278
3834 3219
2054 3542
2831 133
7121 472
7647 6866
8006 7175
5251 7371
3904 1767
8190 3663
3562 8529
3667 8831
1999 7427
9589 2946
482 8225
3642 3248
4953 5788
6574 4341
1118 6105
7779 2015
9521 2002
4855 4461
6961 8447
2940 4660
9648 6906
8327 4646
6591 2854
1372 5857
2188 9543
9366 8720
1526 832
8565 6747
9069 5916
2481 4980
3460 7195
4620 786
2541 3207
6746 5526
6002 8173
315 3359
4009 8894
4226 9667
6779 975
2052 1945
7255 4479
7894 4501
2871 8221
7812 1283
1606 9340
9369 6648
9417 6670
4461 1515
8048 4959
601 7478
5977 5578
4683 4251
5484 4666
3898 2809
6336 4853
1088 2628
8020 9842
9224 7039
4379 1587
8334 7395
8447 7308
6021 7311
2776 500
3274 6378
5262 5919
2110 5635
7492 2706
9084 3900
1007 6731
3738 9893
1739 800
4604 1871
4987 2248
9656 4408
1676 8175
5744 5352
3512 4056
2065 3353
2275 209
6259 1576
1722 7376
2483 3789
8519 7065
3859 1098
3183 6654
4805 5028
3384 3639
7861 6811
691 5156
9723 4292
5060 4721
2145 1719
5085 3912
1270 4315
1303 4388
8724 2557
8623 1322
6400 7072
3341 4322
1757 329
6437 4997
6158 8394
8473 6088
2883 6502
8165 2136
3543 4017
3231 2228
8450 3470
9249 9596
1281 3191
6496 8653
2028 4207
6408 9867
2747 8498
76 6156
5508 7153
3624 6120
2202 9359
5574 5673
8634 8456
8533 7982
4601 3906
8486 5712
5579 1496
8482 783
1108 9857
1331 1214
794 5660
112 5781
660 9117
894 9572
4935 6066
5261 3710
2593 7127
2986 7936
5817 3513
8411 5188
5458 2197
3592 7127
3157 7177
7236 2928
5491 509
8394 1192
1272 982
5711 4517
9150 4937
8932 1235
1209 9216
6678 5279
3319 5685
3142 5647
952 6524
4025 3764
1241 127
3659 6159
8608 5407
6099 1904
9246 2329
7354 8456
6456 7966
5493 8267
3298 9084
7864 841
9796 1062
3199 3656
6570 5179
2649 7363
120 5926
7594 1586
4905 5291
4832 2656
4403 1328
4369 713
9341 3890
1999 2408
5042 9815
6428 6879
4823 1560
2624 6880
4084 9200
9023 2889
8190 8395
5498 5923
2819 7359
143 4812
7488 6130
4448 3878
5091 8242
5536 999
9709 4801
7805 6134
1507 5065
4010 7844
5670 834
954 9535
840 3233
9501 6030
9050 904
68 8667
5 11
6 9
7849 8032
3139 2563
7712 6746
3187 1813
4843 3138
1927 3650
4008 7051
4778 7863
3364 6863
6925 3158
3952 8014
9088 2861
855 8274
4205 5473
6007 7723
3278 6092
7824 4190
5540 246
6276 197
6713 5214
6132 8965
7218 3124
5291 9550
9202 3485
474 6704
9819 3459
6324 3650
2288 190
3656 5762
5987 8137
8394 5491
3253 7211
5217 1222
2422 9495
7184 9784
3854 7280
7064 2098
325 5376
3874 9952
8276 75
7075 8681
6103 7736
1916 4006
7031 9411
5127 1422
4460 9317
7967 3040
4356 6011
8315 3227
2160 7443
2027 8328
7765 661
8386 1136
5873 8350
1074 7027
5920 9756
1635 6323
7629 2503
7026 1898
6666 6199
3803 4978
4574 9212
611 7652
101 8759
3654 3575
1675 3088
6291 4814
4233 249
9547 5234
1497 9118
641 9849
2236 2153
4093 3411
5487 4281
6526 9814
2041 8433
1772 1963
4457 4133
3331 5644
857 493
6995 9727
576 1062
1191 4275
3806 7147
4613 8620
3705 9385
2736 8652
6301 152
7766 1285
9068 2072
3522 4192
9089 9976
7153 9178
6537 3565
8198 8462
7695 5857
2005 6799
862 6132
9096 560
6672 7294
8551 7221
4809 3431
7737 6148
677 4185
7114 846
9552 9774
4954 8547
6092 9845
804 5625
8103 2096
9038 1464
9138 1293
354 9841
7614 6445
2368 3669
6586 5188
5304 9915
8421 7930
4283 4900
5404 4291
6908 5661
4079 2827
2410 688
906 2852
4346 1307
9472 2876
7481 8213
1896 3347
2811 937
6170 8285
7643 9964
3076 5589
7773 4859
4258 7746
5351 1842
2589 8139
1058 7850
4140 1602
8687 5920
4739 456
7445 7821
259 3111
1801 8953
2172 2678
4783 5593
5753 4690
4922 3829
4242 5515
3297 6019
276 4153
6940 2255
1134 6166
8101 520
9061 8772
482 68
1388 2320
2761 410
1997 6057
9024 391
8186 8263
5696 3065
3821 6589
7115 1304
7887 1070
9264 2421
2706 1991
6457 8153
50 2761
9427 4555
8908 2395
4826 4103
3294 1463
6495 8405
8861 4756
2821 9877
2161 2753
2691 1887
5240 1926
7738 4036
8351 3961
879 2909
5655 7878
7897 5460
5000 458
7327 1351
9987 3822
809 9251
6039 6682
4790 6581
5788 9743
9005 4155
9290 3014
3450 564
6232 9788
9336 4320
469 5715
2499 9003
5662 7934
6069 3513
9393 4984
7338 1865
7537 2042
6089 9985
819 5207
3389 9095
1327 8209
8613 393
6235 5606
6257 8497
6636 4029
2839 6054
6790 1381
9385 2077
5782 5640
9795 9330
6814 8530
4562 2565
6311 2524
8634 2704
7819 834
512 634
8150 8455
2569 1085
6125 4621
3594 3504
7367 6786
3659 5929
1013 3757
6706 1427
1368 8653
1986 3261
1800 8962
9851 9369
1276 1812
6764 7920
6010 3517
948 3478
2787 204
2796 9308
1062 9903
4920 4512
5823 7227
8942 6601
368 2811
6861 4141
8788 4891
8988 4341
9809 848
2949 2448
8338 7650
2559 571
8183 4882
8489 4079
9591 3781
5618 5521
6984 2785
8496 1680
8099 1253
9933 9771
5751 4247
2303 6954
5377 395
7379 1468
4339 4449
4684 7062
7974 4126
2351 6890
6495 765
8475 2575
660 7531
2393 9763
8231 456
3848 4008
3957 1363
9598 6364
4608 9726
9021 2594
7069 6515
9969 8697
2097 3539
5931 3280
5646 8404
7072 4048
7451 4069
2819 7172
8949 1105
8525 319
9238 9600
3582 2420
1967 641
7623 6191
6500 4558
5685 8393
2977 2851
5739 4582
6706 4845
5800 8340
8110 4412
6700 2037
9424 9342
1041 2573
8347 6525
2524 4547
5250 1320
3844 7894
9914 4553
7977 92
1496 521
5314 7749
3381 406
9989 5157
9428 2729
4605 4949
7914 6636
4334 5837
1521 3577
4291 6914
3699 6982
6535 2755
2778 7919
3944 9206
1411 6684
1306 826
9340 8176
4521 3250
1387 3011
7258 5498
6646 8419
123 2439
7394 4350
1382 4988
6662 2258
5903 937
1392 7038
2454 9591
8607 583
6513 6704
447 1037
8632 9360
4158 2964
5989 9381
9205 3470
9667 3418
9401 2943
8849 8388
7582 6871
367 3510
7203 4001
6462 9969
7431 335
8259 646
4381 4283
7506 7864
2907 4189
3677 6590
476 4190
8943 4956
6705 2468
7854 7690
7571 9030
4488 6538
1695 9620
279 39
7235 5111
6327 3905
3468 122
3868 8427
7074 6472
6707 6059
7546 9137
6509 8276
2754 646
1112 6161
2074 9525
4411 4583
9940 8411
6951 3718
2088 7095
6825 1236
8390 1661
9849 1447
1340 9945
6708 8034
5880 8002
8740 8787
4925 7865
6379 9605
8387 6266
7771 4321
9757 23
7669 7575
2683 2804
6268 4996
3376 112
4670 516
6159 1849
6703 2106
8232 1164
7261 7842
17 962
2914 5453
8034 4482
579 4605
6433 2087
1732 6497
1267 2352
4498 2666
7408 5510
3907 6259
2456 7568
8785 3596
8871 2051
7083 106
9907 2731
525 8391
5808 5543
2054 5517
9203 5214
4253 8383
8193 3515
8453 35
3281 4000
5086 797
5352 765
8723 391
1996 2864
4618 2420
4670 768
2526 7219
1606 6979
971 411
1572 654
6041 5517
2638 1672
4009 5391
2855 5117
6523 9905
9307 802
8920 50
3806 2945
4752 2735
8549 6294
6080 8443
3425 6780
3219 8872
7501 155
1197 8776
8445 9646
5809 8248
3036 6209
8905 5598
260 5137
1018 6980
1719 9446
7883 7209
9540 6467
1497 5802
3895 9220
2494 8159
9357 336
664 365
3726 765
5245 8250
1445 2036
394 1880
4024 2529
4478 1248
6925 3542
2916 9209
5657 4614
4476 5953
653 2822
4177 6488
4823 168
7398 33
8993 8831
2091 758
4942 1910
6357 9789
2543 6209
7057 3252
7240 2872
5944 1466
9607 4204
7673 663
2142 9591
4828 4731
7595 7412
8802 9486
5911 4424
6625 4906
6778 3496
3536 7153
842 9887
805 1155
8414 6751
3275 6145
3085 8509
6432 847
9347 329
4307 4187
5581 2925
2826 5842
2129 8403
7433 6418
3131 4881
6585 2578
9458 648
656 1208
8819 5394
7394 375
578 7808
1647 9876
4250 3941
5103 4210
6648 4496
5160 7346
4633 8608
9738 55
9244 8850
5296 5718
1753 846
4341 1706
6174 8967
8706 4880
1505 5514
9942 664
9122 8508
7981 5715
7597 4320
5463 1223
2340 9060
3304 2999
6079 5759
6591 5779
7780 5668
9115 6954
5711 8539
2827 5977
2195 8210
9258 2668
8784 9879
5190 7424
9816 7392
1893 4704
4464 8758
8 7518
9964 2033
1077 1340
1159 602
5209 8490
9680 6357
1112 4687
5592 1981
5206 819
976 7239
7066 9854
3238 9075
8034 2120
8673 2637
4487 4454
1000 761
4884 5383
9565 6848
1205 5218
6166 7
9262 8109
2733 1321
5716 866
9799 4666
5460 4731
2691 1896
5071 7442
3663 1175
1900 4778
793 6302
7829 550
6313 2741
4143 8258
1049 6926
7335 1076
2988 3557
9140 7949
5165 2437
5356 1372
247 7742
3446 3754
3357 3931
6734 6092
4961 3837
7276 8858
786 2980
2447 6919
3506 8064
9722 5076
7614 676
9018 1588
8134 94
2484 4557
5865 1735
4499 8649
2800 2447
6425 7106
5514 6822
8275 5733
5342 8106
7301 4285
3968 655
1584 6743
6362 8797
2124 5231
2908 7982
3963 9152
2301 7742
7206 636
1155 9905
4948 3608
4754 6895
6200 1911
8476 9236
1272 2889
6217 8177
5073 1464
7659 3992
7158 3320
8518 1604
228 7249
1484 9646
7104 7512
8427 7060
8871 7225
8722 5567
461 4315
2257 6418
1505 7699
8586 1901
6276 5159
6154 4888
9735 7559
4041 6609
9378 777
8016 8967
2097 8174
9723 2423
2433 1367
1769 187
5165 6843
5129 7330
9093 9115
1304 698
3795 5332
3098 8911
3580 3653
8711 9137
4327 5914
3829 1564
8240 4665
9203 4620
3465 3741
1282 3819
7403 643
8294 8665
6443 7958
887 2514
6955 4984
2672 70
6145 9448
6954 263
9377 9246
4546 3030
1546 3650
8998 6446
921 3554
6484 3510
3319 7667
538 5878
6958 435
8526 1418
1395 1760
1029 622
1821 3339
4956 7467
4095 1514
2147 5658
4388 8756
5498 903
3005 8618
2420 8553
8980 7939
1959 3259
1575 4534
3209 178
4517 803
7313 1317
402 368
8586 7256
7301 9434
9322 6972
8939 5413
703 4913
8237 3532
9777 1782
7054 6982
2867 1580
4443 2823
3165 10
3543 8429
6222 1272
378 8349
8651 550
9239 726
8399 7520
1910 643
5190 3921
6787 4251
9394 3502
9920 2995
9122 132
6272 5390
7848 2100
6171 6835
8404 7658
6396 7694
6045 8433
3451 6421
8177 2972
536 414
7665 7814
1212 3333
93 7879
6931 6149
3032 4248
2045 180
3183 5258
6576 9104
5467 2133
1262 6850
9316 2513
2620 9699
1969 9545
9411 673
2388 3127
1590 726
714 1951
1952 100
9215 5186
7269 3146
9130 4873
451 4958
5986 581
8870 1767
5709 5411
2649 3995
4909 3267
8718 4756
4609 9103
7968 2349
9177 2279
9705 2183
9810 1216
9094 9306
963 3484
4715 8934
8401 3899
8588 3751
6719 6131
5112 3823
121 3052
3574 448
6197 1804
2365 4989
637 219
8511 9217
3234 4023
3643 2849
7736 3363
8396 3888
3504 8073
9701 4299
9411 1896
7453 7495
4751 4550
4428 3988
2118 944
946 3242
5536 265
4009 9216
6782 5762
4795 2508
7152 2216
5468 487
9519 1312
7854 5526
1706 8180
8399 8595
2712 2134
948 5834
786 1178
9160 6775
6524 9181
7617 444
8152 7010
158 1881
2554 79
625 3245
1503 5741
2302 7363
8800 337
7194 9351
4813 903
1622 6054
9373 3743
223 6617
379 6829
4656 5121
4371 5366
3756 2283
6222 3649
7205 9808
8339 3369
2277 7599
2093 4779
561 6552
5129 4685
1984 3287
8668 6049
7681 2297
5491 4530
5831 3952
9576 6085
2403 7570
2090 1890
7564 7351
2655 2063
8834 7389
3361 1406
2589 6789
7628 2788
8908 3318
8266 7701
4644 4022
2638 3500
4747 6086
2675 4245
1518 3357
910 2766
4345 6772
6900 2911
7435 5803
3611 1537
6218 9510
5365 9104
1183 5981
9866 4267
3000 1166
4014 1607
8800 6554
5366 2379
9205 5734
3310 9198
8601 2189
7000 7969
4314 2918
2652 4864
8566 5441
8414 3313
8819 6738
4432 6757
5536 2625
7279 3633
5089 8745
9404 5697
1424 5876
423 8980
552 2183
8575 5779
5623 9094
1813 8628
2315 2910
6030 7858
3902 1250
7968 4820
7502 2357
9532 1017
1805 1499
25 607
3794 1895
210 2274
7667 9977
3322 9822
2503 9290
4725 4691
6881 7185
2913 1950
7571 6261
2034 93
8951 6472
5453 1571
15 7337
553 1795
5413 4123
9165 832
1661 2680
8421 9588
1679 4107
6909 7899
547 1822
4653 6339
6811 3813
1845 7516
7050 5827
2208 3521
6998 3949
3069 7844
9696 2641
5787 4874
447 3521
8360 7268
7684 9939
9456 1752
2172 1350
5215 6087
6070 8107
3546 7134
3301 5611
4420 1292
1475 7059
8181 2208
8960 160
4113 4198
9604 9784
5998 8555
3083 6773
7231 3530
5100 8907
21 5104
7551 573
5658 5658
5226 4158
5937 7180
5446 4095
6055 8153
9655 7293
8186 4643
3535 8072
978 8489
5506 4010
6830 4881
5746 1927
7129 901
4281 3849
2924 4063
7062 8596
8948 5782
5871 2488
3158 4173
1306 43
7424 5285
4585 8691
6828 7863
6072 4473
6266 7925
5216 977
7396 105
7700 7732
4882 3542
3730 5755
3128 467
3090 6044
4012 9922
2101 8406
5220 6217
6571 2451
6793 1972
7109 864
1240 8601
784 8866
3715 3456
8084 6915
8404 9742
4331 2238
5566 2919
4969 8240
9318 3841
8319 7799
9390 7985
1740 131
2979 1066
5841 2146
5446 1180
6963 2674
97 5154
863 5929
2474 7550
2081 602
3899 1395
5658 8529
1767 5402
6776 3113
8715 4198
7141 1128
9380 7035
5134 7943
5023 1637
5004 8829
2612 8701
8042 306
9077 9351
8498 9009
5509 6303
3061 917
3670 1380
3738 7966
2356 8168
9687 9100
1944 136
5181 2053
3156 9183
1752 3076
2592 1179
1371 3824
5600 4281
8858 7034
8309 5520
1149 4900
3942 7804
3271 7543
7998 3118
5447 4751
3408 4137
6156 9836
2559 8021
1474 7646
7913 847
609 8022
2136 9781
4500 4061
4115 4654
5297 4302
8329 7306
1580 7953
8069 77
3207 1389
3525 552
1876 5796
8797 9429
5775 6520
7439 6200
202 1574
7035 8471
5945 60
6265 6623
8646 5712
8676 4414
8440 3917
9501 3297
420 8729
5492 4637
3267 6255
9538 5182
9983 422
6805 7032
6859 7510
9659 7818
3904 7533
2040 1624
6889 8114
3984 2541
3579 6971
9905 5751
588 5292
3447 8722
1059 9115
7500 7838
1964 3949
9380 6504
8628 4162
8264 320
3936 2892
8919 4434
7722 3230
3534 9048
1758 9558
215 183
8042 7456
9741 8745
5718 3924
781 3825
130 4829
6380 5877
6036 4041
1006 3765
5729 5665
9456 9891
6852 9174
5888 3442
7094 4543
3575 783
7940 369
141 7808
2934 2481
3764 1281
8974 6286
6718 354
9789 693
3145 4092
9839 8338
9903 5347
864 444
2333 304
3598 307
31 6315
2560 9836
1800 1137
4932 2701
8194 5693
9788 6583
8485 1211
9987 2530
7717 6867
592 1514
4863 6909
7564 3760
804 4802
9670 4598
9407 2933
422 7046
550 8741
461 793
5060 4312
1786 4920
9727 3688
1180 1402
1625 1274
8239 406
1026 9064
9934 5512
1381 7640
5804 5377
1271 454
8982 6102
44 5736
7853 1898
2542 4171
1832 3712
8051 237
6962 8484
5778 2990
3538 6472
2408 6812
7514 2827
1 3
5 11
6 9
1 3
5 11
6 9
5 4
3 3
1 1
1 3
5 11
6 9
5 4
3 3
1 1
1 3
5 11
6 9
5 4
3 3
1 1
1 3
5 11
6 9
5 4
3 3
1 1
5 4
3 3
1 1
5 3
9 11
45 34
21 65
1 665
4 9
2 0
6 9
6 9
9660 5483
6748 1888
6037 635
346 6736
2846 114
4277 7790
3654 7879
1524 6328
9218 3057
715 8540
6207 6618
9395 7976
5537 3845
9018 7194
6356 8290
2508 5060
1005 4297
5906 9569
6681 1538
9421 4181
5301 29
910 8025
8367 218
982 1048
5254 5520
4105 2493
3902 5723
7332 5095
3620 199
4548 814
2270 527
5469 1949
2462 7446
2738 7814
1092 8107
4241 4401
2459 3034
8612 9998
5266 7245
5066 2731
1250 5750
8874 2981
189 7469
9388 9974
8934 7326
8745 6866
8664 6730
6776 3918
9825 1591
9356 858
3987 812
465 4291
3044 7014
5453 1133
2424 7502
973 6466
1965 8091
9885 3241
505 7166
9867 1630
5709 5929
894 3204
422 3100
2971 6244
8154 1094
6523 4796
4009 6075
9598 6109
3790 9936
8996 1033
8087 9610
9788 7478
2810 386
4951 8813
2360 8894
1108 1673
1924 6356
9597 2825
9316 9716
9876 8159
2183 3956
9375 7425
6754 9397
5558 2721
2368 5664
658 5006
918 7378
5204 5915
5243 6444
4713 2287
594 5967
5584 1953
5851 1595
6321 694
7902 4839
6837 9962
6494 2644
4779 9690
202 5250
1104 7368
7835 7462
3983 5430
216 2883
7355 4607
1301 6216
7546 1836
9181 1356
3193 4844
5501 7720
6475 4117
8284 155
5349 2169
6548 2960
639 6386
192 6985
5788 6082
7610 7265
4228 3696
1974 1260
1906 4117
9996 6762
9763 6464
3773 183
9821 5917
9409 3119
9165 278
6371 6797
2623 3372
1766 2540
2934 3843
6179 5076
5498 3779
4887 3153
9423 7208
3707 1080
4500 7520
6435 5557
4124 7019
8149 3979
5571 1395
7625 2845
5324 5023
6628 6302
4729 4064
7347 8419
8453 9942
9144 6882
4582 1244
70 6431
6949 408
8180 121
7958 8712
9075 4258
2000 3787
3591 5744
3795 7100
5366 1365
8449 3619
1611 1243
3737 3192
3644 4940
6226 8492
454 3030
6618 1588
135 6010
9802 1445
7121 6325
3736 2932
6749 5380
550 5245
6868 847
9568 3413
870 9089
3204 5500
994 6195
7056 1006
396 1695
8328 6157
1644 3932
2801 5473
7293 3368
8751 2042
2000 8718
7249 6517
4556 8038
3054 7783
9605 4783
8601 3323
1994 9759
6778 8288
6660 8530
6954 2577
7234 2180
1648 4875
860 5696
7246 2061
8664 3355
6963 8618
8182 5772
5644 2629
7569 4449
9891 6270
1789 5693
3051 7308
6443 895
2693 8942
6414 9495
4261 938
8630 3272
7807 545
9966 692
8184 8223
1197 3014
41 5751
978 7080
8148 1137
9775 2369
4978 4990
6462 7614
2663 4332
4745 1772
7329 3504
6065 800
879 6791
9589 2312
5384 4859
5066 5872
5817 3561
9897 5348
9712 2196
5595 5142
400 1010
5812 7779
6616 1758
4069 9644
1226 7921
411 8343
9662 1480
224 9338
3319 4472
6167 3044
3059 7778
6957 553
9720 2772
306 8283
6988 7256
431 1354
5954 7285
5146 3488
4844 2580
4302 1573
7305 4573
4364 480
3450 8722
2147 7525
183 7433
3272 8369
3691 9170
5364 5430
5596 6458
3768 2220
798 2671
3393 73
4506 8279
5939 965
9690 4404
5299 5389
3542 4266
7669 8412
3915 3109
2891 4037
3633 4886
3829 2500
6493 2456
6712 2180
6547 1901
4424 9664
6074 364
804 6940
220 8603
7175 6345
4163 3289
2012 3084
4174 8728
2833 8935
9241 1974
4265 4062
3717 4562
9340 8374
370 1708
6983 4759
1941 7812
2536 9870
5817 5982
4970 5842
676 2678
9148 7132
5604 7956
3070 75
5000 686
2238 8283
8246 8584
7808 8455
5480 6549
2010 4445
9485 6888
5304 1915
330 6155
3603 6861
6499 3049
4407 8308
6831 2504
6555 1906
213 6490
9836 1275
6975 7976
1976 863
1641 101
9038 6891
5718 1967
7989 846
4288 2757
4739 2786
1144 3454
5773 3389
979 3739
3596 623
3813 7494
818 8177
8928 8231
9131 8105
4016 2587
5127 5865
7854 7085
4866 3501
2544 5014
6089 8936
4230 1339
1240 7512
969 8871
3673 2839
8369 6302
7643 4616
13 9
9741 3876
9977 3512
9032 2554
9006 580
5917 4549
6248 7952
9628 6489
5060 8634
7619 2182
4835 6292
8754 5606
4877 8897
4374 8982
9831 4497
8320 2981
1545 8764
5776 7060
597 2933
5551 8168
8616 4750
6795 1965
9058 2321
5730 6757
9228 8145
2989 1207
1214 4517
720 4036
6633 2720
770 7043
9316 485
7374 9137
488 2701
13 11
2680 7591
628 5734
159 9391
8867 8136
221 1189
8024 6535
8669 3012
1553 8049
1393 9765
5656 8014
4645 363
9445 2558
8986 316
6119 7661
6210 2032
9543 4019
6277 7880
297 2301
11 16
1108 5848
8700 3396
1025 859
6805 5849
7618 8781
1790 3659
2867 5337
4099 1460
4225 482
8506 1258
1234 8681
1798 9425
8225 488
786 2049
9470 8193
3165 1665
3286 5322
3519 6254
5248 6494
3209 5034
213 5069
8968 2140
8757 8776
4483 3602
1913 2837
9207 6855
7687 4679
456 5998
1801 8713
5080 7697
1564 7274
5783 5873
4430 4935
5701 4710
9364 6284
7885 3705
660 1303
483 1448
1898 245
6303 3947
5924 3142
538 3617
7802 4003
3445 7607
1913 8705
7318 6186
5356 3898
5789 3292
6132 993
7506 1940
8081 7805
2514 3381
4282 2921
803 2855
3194 708
1634 8942
5313 2883
9915 4966
3662 8723
6338 312
9843 1770
9425 1099
6611 7090
6841 6332
7318 6562
6308 5034
7066 3926
5332 1365
8286 3831
8146 3683
580 6860
2303 1009
8406 6817
7355 3463
5512 1389
2730 6878
8556 4274
2865 2568
4302 3249
8940 6427
3722 7907
8765 1026
3112 5127
1652 5973
8541 4180
8771 4308
4685 4502
7004 6053
2972 5282
3471 6881
3806 8667
7990 334
5266 5327
5806 2568
5053 8304
5315 8770
299 4299
8535 4449
3079 7732
6654 8801
7452 5010
1171 4653
5332 985
4216 3076
1023 5906
2861 7906
7923 1971
1898 2344
5558 6128
3873 4685
8816 9916
6598 8595
5524 3201
6159 8749
3034 5724
8279 1890
9401 2547
5658 5658
8578 8156
4951 5926
7473 8539
3275 896
7376 4940
3839 4407
6495 3505
6446 3177
3926 8804
6557 1343
6163 5741
3908 4728
3744 2866
6553 7902
4657 8555
5330 805
5387 639
7712 95
828 9152
670 9421
1522 2289
4341 2630
5550 3173
5903 1821
8291 4202
1609 7423
971 6849
3214 9586
721 8196
9825 2114
9585 9838
1614 4268
9625 5459
6791 1102
1757 9058
2302 2504
5453 5946
5228 5813
9808 3563
7086 402
2898 9647
7610 95
9195 285
4057 3346
1699 4314
3528 7790
488 5251
5808 712
9171 1543
2320 6392
5250 1137
8667 3654
8142 2119
4496 1865
36 5230
8576 850
4814 4386
5991 5029
6913 8597
139 2450
4418 7492
7551 4471
5288 9375
2410 7007
2103 6981
9546 4334
6486 6287
9023 6462
1511 4134
9462 4585
1373 8321
4330 5451
691 2621
6854 9493
603 3246
4142 7088
7129 3934
666 126
8601 5790
41 8506
182 8713
7099 8183
6523 5176
7912 5919
2543 153
3215 6156
4861 5543
555 1363
6908 7786
7805 6414
2114 697
3803 6868
4915 819
3433 7940
746 7390
9378 1454
5534 5658
1957 1791
3152 1970
7975 3907
9318 2041
2163 735
7833 9913
6046 2863
1208 4892
7992 4229
5688 208
2748 8256
8946 3289
4099 4111
6687 6426
5389 3408
5259 2378
5013 8270
5884 130
9101 3162
208 6331
340 7457
1534 9797
2257 3781
9038 5226
5918 347
1878 8675
1446 1933
1283 2344
2943 4033
227 6319
9071 1617
3523 5367
5649 2337
5441 1647
966 4812
1917 6187
7562 2252
7191 1310
7871 1434
8353 964
8886 896
1368 9985
1775 1832
2601 3010
5174 6186
4341 8165
940 6849
3301 9759
1151 9524
605 666
5348 5861
7415 6071
5105 3934
1615 5879
9075 9953
8415 9703
6534 9316
9012 5655
8644 2953
166 9450
7025 6645
1554 1960
7836 4804
5077 1679
6796 888
6910 7037
1118 1607
5979 5015
6856 96
1893 3451
5098 2910
7798 4928
3105 7960
9608 4054
7786 7997
6233 5712
1640 2591
4865 8397
4322 642
3486 8516
67 9429
8414 8874
6306 5354
4627 3657
6388 7966
7995 3111
6433 880
2868 8777
9423 2552
4049 4448
2016 2717
3538 4475
9532 8577
372 3200
2166 1374
6084 5134
1900 6249
1617 8591
9671 312
8024 8800
4585 9138
228 5015
9879 92
594 1373
6584 7533
2510 1263
3933 2582
6564 4841
2836 5175
6679 4112
8788 4384
6686 131
9490 9828
8386 9819
6009 7486
5116 3578
5602 8264
9771 6702
2154 5489
4600 903
9018 3410
2648 9057
8385 9438
6119 7237
7540 5182
6224 9262
1604 2088
63 1514
4114 5889
6625 4005
5238 2134
8347 3231
3576 8748
545 5998
9721 3765
8122 1210
9964 130
1107 825
2229 1138
3198 5109
9164 4684
273 5119
1029 1159
5769 7473
2078 4401
7852 5374
1071 3844
5050 2078
3978 8324
9137 1186
8269 7819
3597 2522
6602 5483
1977 6830
1592 2094
7520 9936
4024 375
4695 1031
1336 5204
9293 5186
5480 546
8568 3083
9818 2214
2217 1564
5860 2132
5822 9793
1687 6399
8811 3253
348 6633
3666 4405
3599 4812
1835 4001
9996 7697
5017 2113
166 3635
7450 3944
2313 7035
62 4788
2733 7681
7690 7966
2696 3041
4692 4083
7941 2402
9109 3047
9409 2564
8883 9126
9190 9737
2944 7014
8136 3122
1329 7351
8371 9225
1485 124
4961 8365
5995 9605
1543 2245
8931 6187
8545 5632
1025 6115
156 5320
3776 9935
1378 8911
1117 197
7484 6404
8741 4679
7064 2715
9159 1215
9856 1589
7264 7940
5578 6320
4214 5397
4467 2936
4535 6900
2913 6205
4745 1338
6919 3212
2155 6228
62 5134
8570 3234
424 9760
5998 8911
8228 3466
8092 2361
714 6792
1356 1618
533 948
8753 9940
3765 5742
4258 8161
3755 3618
7894 5924
2902 101
4038 6868
3646 2336
5113 658
7628 2436
9835 3679
865 9238
5744 2454
3691 8549
7062 76
3550 3593
6303 4822
8970 7430
9869 8299
7566 4964
5449 8907
6361 2326
630 6255
4266 4397
3142 3914
4087 4922
2743 3821
2007 52
3438 8890
986 6911
1029 9124
9698 9299
2276 4540
2000 6847
1558 7812
8049 7759
5614 4664
3871 9398
8873 9557
1164 2036
8262 9333
3790 2444
4176 761
5931 2110
3295 8177
8511 2913
511 42
7674 8979
8171 6185
1636 6009
9055 9672
3598 414
5829 9969
6138 1149
1376 8014
3677 3249
6635 7240
2257 707
5469 1072
7406 1940
5261 8922
1096 5133
8545 1384
425 9046
7913 8618
5719 4344
6823 5259
6656 4864
3094 1011
3559 535
5655 275
8935 2701
1967 8382
6517 7696
5178 3799
7835 6347
2638 945
9160 7130
8148 5143
8451 8089
1977 3910
8446 6489
5005 6968
6668 898
1962 2537
7798 245
1005 9408
8443 9113
4966 6053
918 2079
4807 2220
5476 9328
1454 7063
9654 3626
2964 9829
447 7833
2096 9565
9164 1359
6816 5720
3738 2383
6509 7865
3015 1555
5921 9112
2904 3560
7945 8785
6537 1929
2824 7590
7633 2106
3615 9430
6968 925
483 6790
9299 8606
8554 6369
3632 6316
3366 4
6512 2447
7612 2802
9106 1562
155 1762
8572 6409
9989 2550
1425 1276
7965 8780
1714 2631
4981 618
2692 7685
7577 856
1976 8947
6042 5889
6097 6480
6920 7466
783 1375
2443 5592
5812 9545
4150 8997
2211 7709
8439 1054
1786 9446
1948 555
6556 3861
3286 9155
8673 856
4190 2503
849 4020
6129 2890
6012 9303
6282 2254
7389 2903
8186 1096
329 66
5082 6543
3958 561
5818 9402
1327 6595
8052 1578
9690 364
3402 4177
7897 7097
9270 4003
1185 7056
7452 703
9306 2410
9026 761
1180 9922
4145 4325
2319 1698
9354 8124
3609 816
5280 8495
4879 8129
3625 3706
4145 5073
7342 8989
3625 1962
4375 6801
6298 9580
2229 6369
6025 6566
9658 6776
8603 4305
7308 2669
1454 6402
3124 8090
2150 2737
4083 5342
4166 6796
4909 1464
9293 582
1973 860
7401 5881
6383 8357
950 3531
4884 9006
1112 7049
8104 9697
2334 5652
4227 620
623 8295
1138 1317
5399 6102
3083 3927
9853 8163
4509 1404
590 5606
9797 4259
1695 1707
7443 8000
3302 6632
2807 7536
9952 5056
9710 2894
4512 3807
1921 5316
3737 7737
2042 6993
9681 4193
1989 2203
6514 8895
8528 4786
806 4786
6210 1906
8751 4309
8698 2550
848 1419
4941 8239
8293 4719
2063 8633
7546 6107
2959 6699
2517 7524
4593 4578
156 50
4637 5919
7781 5762
4342 8253
9522 78
1756 1965
9201 8733
7904 8654
3898 4892
6169 7272
3486 4863
7712 9262
5687 2469
426 6971
686 7983
2861 3876
6087 4827
6497 8151
5774 9786
8330 8988
5139 9080
7320 2505
812 7382
369 3144
5181 8380
5795 9421
57 4732
3321 1903
7935 5456
7268 9960
1989 6409
8685 4051
6429 1289
6822 831
5375 6904
2378 4570
8465 5660
4375 7255
5777 2040
7256 92
8570 876
9732 8878
2268 3762
2716 4249
6979 601
8218 1108
8128 5452
4904 7945
5646 9304
4247 6109
4690 2290
1081 893
2375 3662
2184 311
3416 5402
3703 1378
8625 5056
8331 4280
3999 8384
1904 6624
7158 767
386 7170
9783 2320
2710 3062
8742 7915
2112 4502
8347 5691
2426 5166
4363 1038
302 5080
1897 9372
6398 7659
6280 4305
1073 3932
3701 8989
524 6366
3157 9405
321 9980
6649 6877
3073 5840
1315 8481
1582 355
9106 7340
3794 1637
4016 6417
5444 9851
8996 2410
9566 1717
1444 471
4292 6070
4313 2414
1369 3276
5549 2218
4220 8433
8875 4212
3518 9998
8047 364
6921 6810
7617 6109
6943 3841
3306 8868
2222 8462
6845 6518
6647 7756
6627 7750
1042 5292
3721 2047
383 3877
3396 7701
82 4901
7061 46
1507 9318
7741 7821
9591 9510
3339 1275
9464 9168
7947 9162
1596 4298
3325 6586
1552 6573
5568 536
1541 8198
1659 8947
7537 8031
7484 6306
1915 3108
1503 3019
7515 9251
4549 2616
8063 5906
7709 4491
6552 5918
7235 6244
4579 5745
125 2227
3063 14
9732 857
199 9695
4145 5056
4365 6499
9510 5488
8977 4814
3099 7403
5635 413
8928 7140
2882 140
1506 7594
4895 5939
2477 579
6195 3748
4116 673
4765 1110
4350 8889
85 5603
9732 3811
821 747
5748 6774
5333 8113
8117 3356
9379 358
2852 3452
9504 7074
8057 6293
9541 4264
936 8428
657 606
2602 4683
1203 3361
6294 9306
3346 6440
8614 5412
9971 4078
1857 7937
1777 9609
278 370
8495 7006
2516 5543
318 629
4461 5069
7825 5779
72 4017
2309 8145
1635 8185
4815 2331
5162 8045
9504 5816
1818 6202
2011 3331
3395 5940
3666 6783
1385 5584
1804 6593
1551 9099
1604 9521
708 1436
3239 1834
5132 7138
2884 4975
5834 3401
5614 8903
8842 5278
7727 2970
4021 9190
4343 9827
8963 8264
3673 7274
1518 17
4430 8133
3666 8296
7065 1416
3974 6439
5527 8145
3309 7138
1345 5313
6567 2485
5602 1072
1252 6051
6520 9216
4700 1901
4260 1280
1336 5629
9221 2739
9381 1906
8042 65
1940 940
2116 4972
3677 6545
6599 1005
1461 7255
9834 3768
253 6759
1847 2561
8907 6899
1950 4542
6597 9203
6046 141
1155 8963
752 9005
1307 2004
2172 2968
3439 4675
4985 1705
9391 2154
1084 8428
332 8468
762 130
6689 5278
6214 3812
441 3467
2215 8439
6828 7117
3700 6346
8093 4702
7419 2270
7719 7331
4812 2919
23 2056
6965 341
179 8804
4585 4806
9165 7481
4239 7798
8679 2783
2061 2081
1717 1691
5963 4898
4235 5633
9495 7495
2400 4493
4828 1238
3397 7871
2650 7794
9435 2549
7789 7455
8335 7961
6762 8453
2806 5142
3095 56
612 4321
9986 4114
2733 9838
8358 1091
4784 4522
443 1575
6335 7512
5673 4257
4121 2689
4345 2240
2307 5728
4939 204
5498 143
404 12
162 901
3577 763
3992 7233
1881 6880
438 5596
9191 3584
92 8514
149 9596
9828 9840
4882 3394
1369 3263
8491 4908
8337 3737
815 6837
9391 9334
3148 3534
6094 7160
6315 7591
7005 5276
5765 7849
5168 3059
5422 1592
3651 7812
6077 1317
5752 321
6491 8090
3 1842
322 5386
1191 6707
8132 6887
2878 1486
3398 1782
7469 5008
3100 6325
492 3939
6966 3229
454 7434
740 8661
2681 1132
4465 618
4821 74
9356 4551
23 8081
7434 6301
7534 1358
9962 2879
405 9206
4574 4472
4433 1259
2498 5904
7493 5154
6264 3114
4096 7645
9480 2971
1377 3763
3989 7840
6684 2372
1867 9964
3019 6391
4598 8832
2236 6932
1570 8294
9927 3101
3827 4262
7834 8809
2170 7584
8756 2278
4388 5690
3711 7079
3642 7911
8161 1555
4085 1053
8513 3219
1387 187
7553 4100
1964 697
6416 8860
7478 4704
903 5189
2200 6605
4729 4679
4914 4141
5282 6294
7649 9484
4258 8166
5353 9399
8515 1649
7035 6943
4812 4969
2128 1276
2803 1934
5985 3497
4771 9656
3782 9909
6612 54
1468 9849
4940 6834
9229 7258
2899 5833
4518 1103
344 4319
7956 3926
2227 6980
673 6572
9311 3276
846 9227
2756 3211
3672 1181
3581 6134
7523 4792
2593 5617
7299 1686
9981 4121
2533 1534
6890 4829
6068 8804
9987 6457
8460 4812
7858 1320
1320 1135
6262 7103
7385 5590
4097 6770
8340 3686
1152 8529
413 8707
2216 1518
5590 6319
6729 5198
9430 5815
6307 1228
7243 1275
7558 9671
9052 5789
9353 2187
6001 5963
8773 8693
7004 6393
5755 6475
1177 3304
4074 1187
6395 6163
4943 5661
9827 8044
5074 723
6875 566
8353 7679
9218 4957
9872 5299
1959 7558
7201 321
7097 7171
2976 2473
850 2700
5074 2865
4621 7644
6069 2368
7206 2051
8589 3416
7428 7917
3254 2708
1103 468
7581 2785
1019 5855
7515 876
7121 7414
513 1238
7140 6393
4925 3644
2324 895
6939 4120
9907 6845
8781 1791
8040 383
2561 2796
7098 6276
7295 6379
9606 7405
3158 5834
176 3469
4249 7755
4864 1800
4463 7858
8998 5514
34 3588
9978 5921
4907 750
5083 232
9831 2008
9623 7415
270 3387
2728 6441
7262 2666
4882 9588
871 6665
2185 8248
7571 7618
3521 2790
8207 75
96 8410
9941 203
9882 8479
1734 5508
9828 2061
1786 354
4235 1686
4935 2384
6012 694
9809 2360
6420 2916
6171 2107
6901 2793
6118 394
668 7849
8312 6366
2666 5153
6115 604
6303 6764
8121 9507
7838 6199
9964 3066
4923 4350
8354 4357
1668 8171
7646 7337
7026 7571
8706 7701
935 8406
3772 3039
4992 3527
979 3447
245 3262
9274 6148
79 3439
2249 6110
6506 2143
9420 765
9530 9397
8180 8852
2854 3899
4122 609
3575 7200
1028 5992
1102 7098
354 9594
2171 2317
9138 7865
2162 138
2903 5865
4056 7031
6159 1252
6042 63
8716 9544
1646 2905
2991 4788
1310 3712
9337 6518
3050 7888
7942 2939
7805 1228
7926 7891
1317 1745
374 3379
4971 9098
569 5009
2119 7581
1116 7236
2913 9465
1053 9576
1658 3042
3213 1355
6839 9205
7450 2931
102 4754
8512 1186
3202 2682
4759 5936
3646 1981
6600 4841
6550 1549
7850 814
8785 8677
9446 7653
4193 614
8967 3210
2383 8363
8 1332
3967 983
6443 1842
5652 993
4348 9976
8296 1990
3499 3778
5047 3310
6524 4468
1198 8402
5194 4915
384 995
1706 2543
4103 3047
2292 3627
962 6069
3944 5386
1332 5938
2602 8297
7497 9098
5286 6889
9805 6122
9766 5641
8204 3692
7178 8073
3760 5348
4871 2959
603 5717
1584 9565
8526 4593
8667 3462
8441 1306
3862 4967
6821 5408
2803 4859
7327 9443
8821 6611
8254 5513
1892 5908
9248 2583
7902 6157
3521 5501
2774 5451
1264 4449
1886 6915
115 6213
7819 1178
5083 4987
1729 2677
1413 261
7047 5253
4789 2497
6425 9048
2561 3673
6600 8430
1456 7355
8201 2098
8366 1404
8716 18
4788 4741
8936 7505
7039 9690
1156 4305
2142 5581
5211 1293
7328 2882
549 9339
1347 2186
7317 8276
7976 9580
6414 3184
5441 340
6016 898
652 8601
9599 9560
1441 2538
7533 6267
3303 5071
7197 9554
854 5408
8450 3580
716 1070
3275 2879
2178 1640
3726 2536
2210 4019
590 2470
5734 9374
3379 7377
3839 8588
2392 8288
621 1120
8855 9634
2128 5365
2252 6268
9917 6535
954 4400
2968 8273
8712 869
8632 511
6455 5114
8311 6804
2505 586
6872 9060
2417 70
8709 6337
4710 8394
7069 5423
6300 4619
2796 5980
3491 5286
6117 9714
8484 4834
4581 8772
7489 3049
5397 257
5679 5839
3998 5937
7644 5254
2678 5623
1902 7040
7332 527
3337 3832
7227 9102
4261 6537
6358 2066
5050 499
9397 2042
6833 6369
7669 5617
4369 1439
5785 9961
730 6738
1737 9848
1921 2759
4048 3056
4311 5723
4693 2910
2747 4633
6518 3721
9059 5986
2373 9518
7420 7455
2299 1357
6925 5880
7566 8777
242 3442
4804 8507
5627 1892
1540 5294
2035 7587
9583 1528
2645 1680
5137 7576
5504 9126
5008 1119
9921 4528
2662 2956
4830 6099
2462 4830
4096 7107
7501 7620
1240 360
750 2660
3904 1954
4874 6940
1315 4710
5870 9873
1301 9089
8674 249
1766 1645
2045 3146
8271 6438
9028 6584
4708 8845
8040 2486
718 8668
1359 1046
2390 2070
5326 5674
3228 3651
1469 2043
843 169
5673 2537
917 4302
4954 8993
40 4779
9243 2478
7958 68
1624 9939
5440 4876
3562 1692
3867 6640
2599 5768
5754 9932
5807 954
5574 6143
3907 5059
5011 3707
7698 5671
7786 9887
5453 9006
3891 5977
4211 7167
3796 6778
8954 1977
7503 411
5230 4587
2342 1153
5225 6799
9958 7633
914 3821
5670 9112
8327 9243
1151 2128
7287 5489
9896 7492
4223 535
9427 3974
8078 8496
8551 5020
6214 2429
6413 7062
316 1745
2890 1395
6966 1997
4817 9847
8386 2732
4288 4492
1047 2026
2687 681
2282 70
1276 7795
9951 883
2974 2208
8388 4593
5120 9689
4740 5079
4558 3566
6777 8672
6061 8252
239 4243
656 6790
7383 720
9254 1135
4520 5392
1292 4031
5178 8046
809 4801
6671 7662
5657 4607
6857 5639
2761 1030
1256 3006
9301 7436
8723 6577
3082 5750
9401 3584
2378 8528
3280 9591
157 8083
1921 594
2858 5240
7343 3720
1603 5299
6420 1478
3107 9599
1543 8919
317 564
5958 2044
3657 8946
8665 1572
865 1085
714 1363
4520 3763
9387 4293
4009 9323
3714 9519
8022 9450
1972 3516
2790 1131
4489 2549
1230 9012
9235 7345
3090 1081
381 5100
8823 3296
43 8479
3640 3997
3641 4662
4174 2169
1785 3854
7128 9302
1959 4377
3046 384
6263 9362
4399 8850
1380 6356
9541 4395
1935 9451
8193 318
6744 6966
384 1458
4587 3478
4392 2355
9726 2181
9516 1296
5419 4664
9586 8280
3606 4999
1830 9961
3358 3217
3483 6521
1550 9067
2041 2779
6614 5529
2046 657
5308 8192
9250 2852
48 8337
2968 3512
1114 30
9204 1154
4450 4812
4604 5344
5350 7673
185 3010
8781 1362
1696 1270
9192 8764
8653 8135
30 3109
4308 3152
8044 5206
2927 5857
8988 5628
3310 9227
8450 1617
4649 4720
6071 6416
2310 2917
1343 329
1381 3460
3650 7006
857 7427
367 9174
2667 1963
8446 7176
1429 3269
8437 1373
8181 7341
1439 253
4121 2385
580 4090
9523 2040
5380 7819
1288 4224
4187 344
2974 7509
3964 8598
2846 1384
1263 2910
4743 2843
9981 7509
1 3
5 11
6 9
6676 3887
6231 9073
4777 1557
5797 9266
1705 6477
258 5547
694 7462
6452 7044
7427 8906
5227 7953
7071 1889
8502 1454
9301 452
6606 6254
1040 2337
9466 7843
2228 4226
4928 7343
5853 3158
457 5064
23 8710
3269 1351
7102 9168
9875 7168
440 3318
485 4186
1124 3470
8560 5014
5490 1060
1662 7238
4666 6009
5879 8703
3533 7363
4606 9478
286 5938
3230 2271
5713 7219
6980 5368
4559 2619
6383 3784
4818 8264
5983 1631
2829 8580
2442 8865
7458 8167
8863 7295
3910 6625
6411 2874
8330 544
9532 1146
2301 2855
5773 5129
3336 2049
2150 506
2808 6181
4392 8310
4555 8502
2229 6630
3717 3225
5625 4925
2616 4731
6015 8152
280 3028
5041 9795
600 501
9405 7663
6688 8695
5335 3307
6744 3825
224 3553
5399 9150
9436 3116
9950 2774
4941 4666
2047 3711
974 4620
1506 8008
5753 5265
7059 7847
4039 2691
2417 4453
5661 3452
4080 1202
3918 7350
1864 6867
8910 2925
7582 1034
8970 851
1910 3232
3954 7686
976 5816
1193 6431
2933 8636
3707 1565
7019 3945
7549 2838
6073 424
1089 853
184 965
3991 1786
9656 7301
5293 2668
8702 5427
455 3802
742 4205
8719 8810
4542 4874
3899 5223
7374 8945
8863 7241
8545 3605
6837 1145
6228 7722
5498 7119
2744 4860
564 9161
459 9779
1431 1266
9510 9919
3092 1803
4469 2397
2826 722
2175 4388
2603 5090
6222 9848
8977 5054
877 5454
5172 208
1185 6327
477 9714
992 338
7441 8513
5822 7892
4847 2586
4334 8966
8918 3902
8371 2448
7611 1282
2525 1591
8193 7060
4701 7605
3941 971
1362 5549
4715 114
6478 6358
6420 9601
6729 2511
1381 7512
226 8837
8197 8217
1723 3754
5484 8495
8603 5180
6739 6903
8123 4954
2591 7200
2169 7761
7775 1580
1357 7869
3165 2670
5183 3249
1472 6456
7422 1161
1536 1233
2325 6253
3377 9293
2059 9316
4997 3224
1893 8927
5573 5466
1383 276
6154 4987
6950 5674
9742 8249
6207 9661
3331 7250
2290 9317
5864 6669
2640 174
6932 2906
5653 393
6063 5848
3974 7013
8726 5597
587 5221
7785 2012
6052 5372
3561 5779
5872 8173
2323 5352
2548 6248
2209 8220
1721 8345
9787 2808
8661 1029
7979 7781
1372 2825
7500 9018
6009 8068
5377 8223
1446 4469
2450 5500
9471 2578
6158 6678
9823 7839
7253 5002
6439 8741
4451 6978
5332 1782
10 3561
4298 488
905 6944
2480 9533
4998 5868
2512 3718
3407 5447
5268 2234
5410 1735
5517 1438
2689 7291
3790 3724
2797 2688
9845 9012
205 1436
1553 3238
4451 980
5229 350
141 5549
3644 9354
8026 1522
5517 7010
2851 4905
8101 3635
6518 1069
1041 1095
4260 4416
3457 4425
7154 8798
4378 6489
3451 6192
1655 6459
6456 343
98 8456
2701 1957
7893 9036
3396 5488
300 3043
3703 841
4307 1013
2040 5730
7346 2778
9456 4872
2945 2479
6114 7780
7513 5286
6222 3916
1829 5444
5772 9599
4153 8451
9157 4547
7547 1368
9805 3322
1562 1233
8440 7341
2717 3892
4522 7433
5069 1748
9369 6006
4517 9720
9113 1076
240 8600
4658 5323
5980 8587
3904 6627
6780 2177
6395 402
1976 8243
2590 2408
6259 5400
399 1302
6083 7124
7387 6148
4378 6186
7742 5910
1920 5672
8892 4092
1024 4343
1388 4833
922 6744
2743 8642
4235 2675
4004 5897
2164 6380
4662 2585
6461 9175
1955 5501
1852 2056
3393 4619
771 2684
5450 2745
4252 1034
6788 2780
9881 2896
9356 512
3490 3636
9380 9597
1908 2274
9639 7614
222 2442
3334 6098
8205 5365
7508 4464
1430 6793
4086 5800
5691 3465
2896 536
3780 3233
2110 402
8950 2961
4683 6054
5400 2949
5886 2878
4912 1205
1134 5485
2518 8823
4236 4670
7033 5539
9840 7882
1628 5289
7902 3790
2658 6886
6235 6715
6147 7927
4203 1377
8561 8728
5610 6097
144 650
9338 9907
1518 2219
7735 9336
8540 5358
376 4793
9926 5093
1518 7954
1035 7658
181 7262
306 9330
5496 6255
6900 634
264 8496
8099 5699
3506 939
6268 537
5987 7517
206 3733
4308 575
9268 3954
4276 9795
7963 2089
6151 6042
661 386
851 114
3750 5053
3487 6132
3525 6184
1278 4067
4519 8175
7010 3125
4973 164
9181 2744
9191 6
2621 3916
8854 5640
8728 5216
2339 6118
9469 3702
8970 2980
7508 781
5169 5169
8448 7511
8679 7452
9402 1407
8536 8860
3309 2605
735 1546
7025 8016
1555 5137
6145 5007
1500 3085
3404 1142
3537 7910
2004 6806
2708 7865
3105 8899
1701 8562
5118 4737
8925 9665
3229 4708
8640 2817
6460 294
493 6945
421 7247
3656 3816
975 2236
987 5274
7986 1153
4306 4510
6543 4002
4312 8074
3239 7046
3917 8888
7236 1829
2377 2662
5402 6291
3792 4689
6357 7791
3980 2231
1386 6041
9128 3489
9475 9256
1873 1276
5597 4948
7593 8805
4527 7956
4717 104
7593 268
8153 531
9198 318
8727 7207
7290 8819
1649 4251
3970 7826
2887 9494
7765 1086
7257 7505
1395 2908
3259 814
3432 7198
9495 2958
2597 96
8361 1024
4857 4001
4437 6777
414 308
1814 1699
7269 8228
5212 4188
6676 4813
6929 1711
8347 1573
9369 9297
7014 6666
5169 6068
6696 7752
8142 9429
2107 6894
563 7732
8848 7826
4922 2522
6128 2934
4205 7784
3183 9388
6761 8063
5981 3421
1796 2903
6406 3153
702 4896
978 6153
586 6749
3488 9767
2427 9101
9271 2102
9538 5735
7983 1534
7990 842
4387 3195
6708 8164
862 2383
9151 6441
4083 7597
4054 7746
10 4866
5387 346
3467 8898
3629 1861
5851 3669
6785 9822
2023 7158
8978 554
8491 7687
8092 3146
9641 4267
9753 958
7442 6601
3090 6415
8488 3557
4297 5384
50 1279
3192 1702
1529 5359
422 6006
2665 9621
9907 2016
9012 9517
9772 9225
6418 8736
4536 7094
6460 3040
6692 7457
7337 6077
983 4510
8832 2601
1475 9725
5658 5661
1921 1055
6684 7744
343 3003
5852 9672
4269 8942
1051 7334
340 6809
5780 3454
4575 7211
3989 7944
1314 5388
6502 1624
6905 7401
194 1097
5478 6399
8399 6619
7779 5468
3233 7890
4393 9481
9926 4413
6719 656
177 7017
9336 9415
7057 6273
2526 1733
3465 5244
9999 9999
9999 9999
9999 9999
9999 9999
5077 7526
6874 2123
5479 457
5216 9
310 5686
6378 5957
6440 6972
9524 7941
3479 1821
662 4100
7561 3059
5791 8033
6432 3905
97 3444
5439 9030
320 1053
8969 9771
21 964
9999 9999
9999 9999
9999 9999
9999 9999
9999 9999
9999 9999
9999 9999
2374 871
7514 9487
4711 7230
4421 7272
6257 3370
3146 6315
3336 6927
9989 9457
5555 2607
8627 4740
941 6860
5915 6043
1604 1142
2168 3622
1613 3389
2952 7710
8179 325
8425 8707
4096 4871
4919 6061
4997 6976
8767 5341
8338 4815
4229 8418
654 9386
8381 9329
9799 4749
9055 3400
3597 9833
944 8775
9684 9924
2794 4023
8699 6408
4612 4163
5113 6020
1106 2061
7489 4322
9753 6456
6179 9643
6557 2214
6351 6609
3830 4136
5431 4435
8321 9458
7409 9518
2744 8076
57 1771
82 5641
387 6842
2603 9856
1534 9774
2097 3401
7936 9295
520 2641
9197 6013
6972 3044
6953 2414
1611 7679
7469 732
3143 3448
872 1485
7715 8499
3971 2060
5522 1207
1149 7580
6489 6535
7841 8885
6026 3570
4059 944
5168 8383
8929 1287
9079 8961
9467 8843
3496 4449
6080 4335
3653 1806
3971 1361
4545 1731
8314 7576
9007 6361
4102 7284
1639 5571
9583 4799
9919 8682
9576 7215
3713 7065
2669 9898
8215 59
355 207
6411 7188
2518 4352
6346 4208
4425 7306
8816 1235
6119 8875
7227 3919
9174 4703
8164 746
3425 1065
9024 5167
9709 4524
8442 1524
7643 8170
6275 7254
8860 7525
8487 9856
9608 4423
5093 5191
9414 9670
5705 6712
6447 5007
3011 4848
3716 5634
5539 3464
4185 8249
2720 6980
6737 1842
9369 3664
7530 1535
6667 195
8501 1674
8335 1417
588 9479
9237 8995
7037 7386
2172 6739
3763 8609
648 6874
8594 657
1821 891
4364 7286
886 5248
7703 3003
8522 9073
8306 9047
8911 7906
4721 5987
7386 9087
4260 1351
3776 177
6921 1499
7312 1759
9352 2115
582 9617
238 353
6621 9161
3516 7411
765 5338
2034 8240
8553 8287
7782 7453
7798 7096
4616 8040
6367 2800
2285 7094
5615 792
9091 6122
2116 8195
6713 287
1126 7715
9955 3154
9736 9599
8742 7596
6747 1607
6848 301
8513 8425
4657 6422
4886 2831
910 3415
500 3094
5754 2767
6544 3318
8104 4428
6208 1004
616 6316
71 5915
8503 447
9414 278
2614 3748
2110 928
4349 5821
7241 3852
3999 7129
143 3484
4359 381
4603 9888
4210 4303
5380 5479
6329 7835
964 4001
5584 9902
3422 8152
7203 6215
3175 1129
3087 6386
5496 9453
9717 3119
9852 3196
112 8587
5961 7554
6129 8340
5184 2010
1637 5767
362 5688
8855 1874
1182 8698
8675 8365
816 118
7090 9903
5383 8616
7234 3700
5227 8841
3444 7221
4432 4343
3171 2255
1273 240
785 2892
1423 9827
8644 7830
3636 2321
3028 52
4875 1102
5933 9834
4501 4517
751 1329
5505 3016
6445 9640
5019 9421
4240 9915
9490 7754
6450 4510
7006 3540
7201 2309
4841 5183
5587 7940
4545 7792
5178 8748
2467 6125
7813 3647
1256 6665
8993 2242
1341 8326
3727 4305
4515 3723
5259 6115
4209 2097
2962 507
3350 6593
2360 6125
2040 9453
5187 4857
5502 6653
1328 2785
3271 9136
1601 1629
8515 8102
6340 4635
2135 43
3360 882
8409 3624
3495 5980
5720 2089
4924 845
5620 1177
3969 5860
8803 5847
9248 4747
9310 1235
2288 2826
993 1722
7434 6529
9366 4996
1808 7280
6818 549
8894 2033
557 8943
5619 5412
2487 2970
9905 9347
1440 724
8601 7515
8314 9696
9603 8140
4192 5901
4865 6596
1194 3564
6437 8915
2958 358
2074 4735
5207 8037
5619 1245
9175 4304
9935 549
7961 9775
1702 8104
1859 1267
447 1320
8823 7100
3701 962
9410 6311
1326 4636
1438 6851
2398 8239
1896 9533
1817 9456
4956 5718
4364 6841
6436 2409
7679 225
9607 8307
3556 1716
4921 2082
6611 521
2357 2319
7670 6377
4898 6389
1058 3421
2573 7837
2257 7670
1770 7913
7673 9727
5670 7899
2306 56
1629 8574
671 9819
8452 8504
613 540
5164 4988
9045 6779
4975 2484
7016 3682
4287 8081
282 4308
2837 9945
8631 1128
8156 84
6764 6489
4151 4983
3376 2332
4223 2474
6405 8914
5385 2560
1530 4609
8497 2322
7906 835
7735 330
4494 3995
2819 3632
2361 1488
6934 5823
9403 6359
6736 174
4633 4312
2177 5321
1483 4638
5053 1090
6404 2108
777 8127
2103 9694
524 1249
8193 9986
5545 8914
5269 3607
3120 781
4403 8623
4425 9035
2454 8547
6630 518
2712 8830
8018 799
8844 494
5996 5406
4151 4780
3568 1975
4584 6333
6165 8866
3999 509
8325 3927
9204 4311
6458 6478
816 859
7996 8430
4016 3550
6541 4495
6533 4391
1125 3987
7191 3440
3496 3912
5404 4424
6504 7692
1768 3396
7541 4665
5059 1627
3768 182
5664 9809
5144 9335
4764 151
9914 1875
9502 7535
4904 2710
1360 4713
7722 2126
2820 2320
4273 3202
6701 5264
703 8321
9980 1896
2088 2907
4898 1933
2163 6096
9543 5070
5950 5761
7051 5625
2539 7762
222 8322
4744 3154
4121 8505
2918 7997
8558 544
9503 7000
8783 4130
3519 901
1339 3962
4205 8396
9628 4368
4947 4737
3592 2873
3555 2479
6742 8188
6217 4478
2248 8631
2084 3731
4142 2067
2316 4407
1281 7578
8891 434
4963 4876
2418 2973
5524 2777
1544 6406
7071 2208
8129 1245
661 1312
4982 4326
2333 487
8009 6113
4353 7074
9933 5409
1789 7350
134 8472
2302 6109
3038 8918
8721 2534
1356 7569
8509 964
2441 2598
9932 9536
3712 5715
4624 7171
5941 9283
7239 9005
7622 5835
9028 6773
8853 4681
7476 1726
9023 2542
6956 5186
4338 6110
598 3694
4692 192
7922 2424
6555 169
2348 9197
1324 8282
6002 1456
807 5510
8539 3816
287 6645
9006 856
4551 4563
9803 9098
2068 2832
6256 5043
5198 7392
4177 308
1728 7911
1919 8836
3228 5124
6782 4160
7889 3162
6498 416
9704 3384
7276 7234
2630 2251
5901 6354
4592 3703
9636 6364
5116 9088
894 7713
6619 6844
9265 9630
741 1354
1975 2648
6523 2339
2300 8974
6432 4472
3327 6326
1554 6289
261 6651
1056 8355
6029 8350
1250 4790
1068 5278
2681 7085
2614 2406
2528 671
4495 1169
2178 7071
9534 9036
29 1160
4843 6720
6816 4767
4266 7398
4267 1116
5169 9192
2804 7275
9870 863
5465 5038
1493 172
791 3433
4719 7533
1642 5357
6010 1466
7887 602
6511 6711
4534 4774
3274 2531
3646 5224
1166 3834
8696 5046
3400 7157
9582 5234
3795 8989
8657 3453
1533 7217
123 7600
2159 1212
3004 4607
9173 7012
5841 2872
5231 1373
7 1
9 9999
1797 8551
7738 6924
9709 8130
3968 5903
738 4902
5993 824
7964 2673
9897 3636
119 6794
643 8237
9464 8352
6570 5269
7681 5320
8141 4330
113 4525
865 8206
999 853
1320 7104
9127 3264
6538 440
2026 4639
933 5883
7193 2161
3699 9418
9210 3377
5890 6493
4909 3988
9918 8282
3602 7748
219 4778
7837 7467
951 1619
5437 3671
3905 5862
3019 5222
8503 1288
7055 7532
1002 3543
6579 9505
6212 9649
5376 1756
908 4579
3357 7183
664 6248
9432 5329
9677 2671
9491 1840
2 2
3 3
1465 9553
7340 7206
4697 3677
6397 5108
8515 5638
3596 160
7969 4325
53 4637
4883 9913
147 5478
9859 4122
9440 1667
537 8860
9358 271
994 543
7241 7836
5133 6130
205 2325
6671 2610
7268 2849
1873 7239
7435 1056
7857 1216
8935 1557
2101 1240
3239 1278
6197 9065
9004 9923
8333 6964
2989 1513
3139 788
3556 6936
8782 3586
8603 3400
2723 8332
8110 2049
9112 236
4356 4560
2627 2018
2518 5584
443 1156
3029 3840
9639 8541
5287 4172
2410 1279
1299 2913
5561 9750
1680 7156
9671 3435
8596 8917
6490 5749
9053 6385
2825 6294
5442 9222
1751 8259
9879 3166
392 9969
1332 950
6249 8159
5244 7322
7390 9583
9863 7493
4622 1835
3100 2163
9126 7998
7803 9316
235 2313
9316 6207
8929 4923
8307 3031
6771 267
8579 1715
5 9
100 100
5839 5664
3366 2995
8546 9189
3709 4674
2448 9092
8136 1270
6417 7141
9147 8348
7368 9802
5866 3314
9267 5753
713 206
6227 1010
2208 7795
9558 3685
8549 1389
8110 708
9761 8148
3883 6273
468 9062
9260 386
503 4
1420 2583
8242 7057
3801 6422
8053 3336
9449 2991
262 9018
5004 4179
1718 805
9228 5717
507 4044
8262 4715
9 9999
1 1
5000 3
17 3165
9999 9999