1000 500
2000251 64
2000263 53
2000278 35
2000281 44
2000295 46
2000307 48
2000314 48
2000322 40
2000336 47
2000340 50
2000357 47
2000361 33
2000378 22
2000322 36
2000382 40
2000393 68
2000407 35
2000415 49
2000421 57
2000432 69
2000295 20
2000445 70
2000451 48
2000340 64
2000469 43
2000281 41
2000477 58
2000421 68
2000483 44
2000340 26
2000393 23
2000494 36
2000505 64
2000518 69
2000469 62
2000527 66
2000382 58
2000536 49
2000540 21
2000281 66
2000378 60
2000477 52
2000552 40
2000564 23
2000494 33
2000571 38
2000583 33
2000477 34
2000477 65
2000599 65
2000607 21
2000505 56
2000613 70
2000432 57
2000625 47
2000340 64
2000638 51
2000641 40
2000477 53
2000613 46
2000652 64
2000666 32
2000527 30
2000666 45
2000571 36
2000670 49
2000684 61
2000607 51
2000697 31
2000704 60
2000505 57
2000717 63
2000518 23
2000725 26
2000281 51
2000357 23
2000527 39
2000415 46
2000731 65
2000421 33
2000747 35
2000295 58
2000336 52
2000613 36
2000340 49
2000421 61
2000747 51
2000552 69
2000756 27
2000445 29
2000769 69
2000607 56
2000540 60
2000552 27
2000697 66
2000494 65
2000770 59
2000704 63
2000747 46
2000477 54
2000540 36
2000697 37
2000781 35
2000361 70
2000793 49
2000652 31
2000781 58
2000251 47
2000552 57
2000803 60
2000803 47
2000278 55
2000815 39
2000357 38
2000793 50
2000613 20
2000251 46
2000823 63
2000731 36
2000469 55
2000322 57
2000697 56
2000625 39
2000666 23
2000527 60
2000697 34
2000831 54
2000393 54
2000278 36
2000666 43
2000845 20
2000770 38
2000717 28
2000697 62
2000469 32
2000781 65
2000851 43
2000281 41
2000831 42
2000295 27
2000697 25
2000862 70
2000295 34
2000432 21
2000540 31
2000322 52
2000874 27
2000666 45
2000697 21
2000483 21
2000251 23
2000540 66
2000251 52
2000505 23
2000527 48
2000251 21
2000697 29
2000314 33
2000445 21
2000451 22
2000518 26
2000880 55
2000652 36
2000314 33
2000891 27
2000625 26
2000251 30
2000891 48
2000731 42
2000851 27
2000641 28
2000831 51
2000314 45
2000781 42
2000314 47
2000251 22
2000823 59
2000904 29
2000432 26
2000641 32
2000322 53
2000340 29
2000251 37
2000477 46
2000747 68
2000704 64
2000917 21
2000278 53
2000823 41
2000540 60
2000923 42
2000251 61
2000666 48
2000613 20
2000625 66
2000731 29
2000638 23
2000340 23
2000684 64
2000666 59
2000717 59
2000281 52
2000697 20
2000666 27
2000378 50
2000505 20
2000540 52
2000880 67
2000540 35
2000793 41
2000477 54
2000421 29
2000505 48
2000552 25
2000357 41
2000393 61
2000451 56
2000445 53
2000518 52
2000613 48
2000625 43
2000552 32
2000652 67
2000652 68
2000641 65
2000494 39
2000552 55
2000314 38
2000666 67
2000281 66
2000880 51
2000451 20
2000717 43
2000638 24
2000552 66
2000937 54
2000527 36
2000670 22
2000717 67
2000845 58
2000613 29
2000382 34
2000505 47
2000571 63
2000652 66
2000704 24
2000891 42
2000477 25
2000717 60
2000357 68
2000251 40
2000613 44
2000684 22
2000505 41
2000564 43
2000564 39
2000815 39
2000803 51
2000874 67
2000803 47
2000251 41
2000494 65
2000281 31
2000831 59
2000518 47
2000666 39
2000357 37
2000583 67
2000937 53
2000641 26
2000666 40
2000378 58
2000536 44
2000361 49
2000421 46
2000477 50
2000445 29
2000823 61
2000407 70
2000527 24
2000793 60
2000891 43
2000322 60
2000697 48
2000770 66
2000945 33
2000957 48
2000281 34
2000382 26
2000378 26
2000652 39
2000945 26
2000803 68
2000571 26
2000781 36
2000725 65
2000607 27
2000625 20
2000831 56
2000421 29
2000357 51
2000815 41
2000904 65
2000781 52
2000652 28
2000432 30
2000641 38
2000862 61
2000638 51
2000564 25
2000638 28
2000536 45
2000960 37
2000552 21
2000263 38
2000421 41
2000451 38
2000803 61
2000378 38
2000451 45
2000477 57
2000862 20
2000469 44
2000747 66
2000518 52
2000599 21
2000518 39
2000747 37
2000432 70
2000793 36
2000684 42
2000613 32
2000378 32
2000477 67
2000862 42
2000973 61
2000469 41
2000670 28
2000747 22
2000638 63
2000552 40
2000725 30
2000717 69
2000281 47
2000704 44
2000831 55
2000823 51
2000477 33
2000445 46
2000747 33
2000432 48
2000717 25
2000985 38
2000505 42
2000997 63
2000494 31
2000997 42
2000445 67
2000483 66
2000477 62
2000552 41
2000770 36
2000717 61
2000494 37
2000607 50
2000891 40
2000823 45
2000421 49
2000382 24
2000421 69
2000923 69
2000251 50
2000997 58
2000536 24
2001007 54
2000717 21
2000494 62
2000815 48
2000251 49
2000295 42
2000281 51
2000670 61
2000652 57
2000552 29
2000393 47
2000803 57
2000874 50
2000731 38
2000599 46
2000803 57
2000278 33
2000704 26
2000717 58
2000613 44
2000717 58
2000823 70
2000281 20
2000382 22
2000756 70
2000770 61
2000793 41
2000251 65
2000652 26
2000571 22
2000793 34
2000613 20
2000823 53
2000340 64
2000340 30
2000314 52
2000823 24
2000583 31
2000278 54
2000985 41
2000747 54
2000957 33
2000357 29
2000432 39
2000295 33
2000684 47
2000505 68
2000697 66
2000357 58
2000793 27
2000494 21
2000281 36
2000960 22
2000725 34
2000340 51
2000494 43
2000382 64
2000281 22
2000891 69
2000552 65
2000985 61
2000477 33
2000378 40
2000781 29
2000357 31
2001023 28
2000891 31
2000583 22
2000469 26
2000527 45
2000505 53
2000393 32
2000314 60
2000793 52
2000469 43
2000251 61
2000564 44
2000251 34
2000477 22
2000564 29
2000756 21
2000432 59
2000469 28
2000747 69
2000697 31
2000407 63
2000278 48
2000378 35
2000477 46
2000607 23
2000421 38
2000494 37
2000862 58
2000670 52
2000571 51
2000862 69
2000583 62
2000281 68
2000945 63
2000823 41
2000322 56
2000638 32
2000793 37
2000704 40
2000717 51
2001036 55
2000336 68
2000823 29
2001036 44
2000815 21
2000483 65
2000340 22
2000641 58
2000625 43
2000527 62
2000815 65
2000831 43
2000793 56
2000505 20
2000445 65
2000278 68
2000917 58
2000357 69
2000571 35
2000666 70
2000451 25
2000552 41
2000393 57
2000527 53
2000251 28
2000469 25
2000845 41
2000445 66
2001041 56
2000494 29
2000731 26
2000641 24
2000874 38
2000607 55
2000666 66
2000641 36
2000278 70
2000322 50
2000251 29
2000599 68
2000823 70
2000477 24
2000997 68
2000945 52
2000263 42
2000973 39
2000641 53
2000314 62
2000666 37
2000378 41
2000973 32
2000263 53
2000891 36
2000613 59
2000815 34
2000607 63
2000314 61
2000295 59
2000862 22
2000295 33
2000652 42
2000552 61
2000997 35
2000756 20
2000815 28
2000891 69
2000307 53
2000985 69
2000477 25
2000747 45
2000494 46
2000960 33
2000571 65
2000960 57
2000652 46
2000731 54
2000552 39
2000803 38
2000552 59
2000697 30
2000421 65
2000747 42
2000769 27
2000314 29
2000540 40
2000717 36
2000571 55
2000831 24
2000670 64
2000670 50
2000823 69
2000803 44
2000725 29
2000747 21
2000945 49
2000357 69
2000527 35
2000527 42
2000421 43
2000874 42
2000251 46
2000831 47
2000432 51
2000552 20
2000281 41
2000652 57
2000904 37
2000477 21
2000880 45
2000704 29
2000823 64
2000263 20
2000652 25
2000937 40
2000540 29
2001041 69
2000251 29
2000281 46
2000281 35
2000985 41
2000552 34
2000684 32
2000340 52
2000518 31
2000314 63
2000415 51
2000407 28
2000314 33
2000641 25
2000891 44
2000540 70
2000536 42
2000357 65
2000613 33
2000278 69
2000960 53
2000793 28
2000625 47
2000862 44
2000960 33
2000393 38
2000923 57
2000421 58
2000613 32
2000552 26
2000571 36
2000862 34
2000382 57
2000281 25
2000638 37
2000483 38
2000583 39
2000451 45
2000583 57
2000652 28
2000891 70
2000483 38
2000638 62
2000891 39
2000666 59
2000641 54
2000281 46
2000985 64
2000281 46
2000793 50
2000641 43
2000666 43
2000831 20
2000641 54
2000937 56
2000923 29
2000756 40
2000717 65
2000957 54
2000336 32
2000571 38
2000684 23
2000451 70
2000483 22
2000494 66
2000697 64
2000845 49
2000307 29
2001007 39
2000891 62
2000540 69
2000357 57
2000540 51
2000717 57
2000613 47
2000731 51
2000278 21
2000518 65
2000469 67
2000917 24
2000536 25
2000340 50
2000670 55
2001023 52
2000278 63
2000552 39
2000704 31
2000756 37
2000494 43
2001036 54
2000973 66
2000494 69
2000505 26
2000891 70
2000445 64
2000725 61
2000451 64
2000251 31
2000477 39
2000251 44
2000770 56
2000960 53
2000891 29
2000540 46
2000378 51
2000862 28
2000421 21
2000477 54
2000717 63
2000483 28
2001023 37
2000823 58
2000540 60
2000445 59
2000625 68
2000717 41
2000638 65
2000518 40
2000583 67
2000322 44
2000527 48
2000361 64
2000278 47
2000793 62
2000937 59
2000880 24
2000477 23
2000361 27
2000451 62
2000666 65
2000666 54
2000973 33
2000378 52
2000684 50
2000378 65
2000880 32
2000831 49
2000552 43
2000378 34
2000583 53
2000483 70
2000477 36
2001007 35
2000923 20
2000307 32
2000251 63
2001007 23
2000666 67
2000945 50
2000831 70
2000251 22
2000445 29
2000552 30
2000880 53
2000793 36
2000997 31
2000607 56
2000281 26
2000917 67
2000536 45
2000281 61
2000937 44
2000697 48
2000477 26
2000432 70
2000891 56
2000527 53
2000477 55
2000340 41
2000960 63
2001041 70
2000518 39
2000571 43
2000769 65
2000494 28
2000432 62
2000652 34
2000985 65
2000378 68
2001007 58
2000382 56
2000518 24
2000803 69
2000469 58
2000251 42
2000340 26
2000697 20
2000997 62
2000641 20
2000725 20
2000725 62
2000823 54
2000599 40
2000670 41
2000985 42
2000666 60
2000445 26
2000845 69
2000552 36
2001036 60
2000607 41
2000357 34
2000393 69
2000625 31
2000505 67
2000781 44
2000904 26
2000251 33
2000770 70
2000340 27
2000697 36
2000281 48
2000382 66
2000278 35
2000483 39
2000697 66
2000382 25
2000697 44
2000960 40
2000599 36
2000638 48
2000684 35
2000747 30
2000769 60
2000880 62
2000357 37
2000891 60
2000336 44
2000793 67
2000445 22
2000251 67
2000281 44
2000973 46
2000263 67
2000307 32
2000505 24
2000336 54
2000505 49
2000607 40
2000945 41
2000641 60
2000641 26
2000781 50
2000793 24
2000432 66
2000599 53
2000815 56
2000945 30
2000960 56
2000322 40
2000314 38
2000945 67
2000378 70
2000518 58
2000725 55
2000725 57
2000571 40
2000407 56
2000432 36
2000357 23
2000357 65
2000607 68
2001036 39
2000862 42
2000607 31
2001007 42
2000880 25
2000638 22
2000421 44
2000295 41
2000851 53
2000281 56
2000880 46
2000770 22
2000340 49
2000891 36
2000340 42
2000638 58
2000494 43
2000314 38
2000477 35
2000731 68
2000263 56
2000314 50
2000251 65
2000815 23
2000432 40
2000314 25
2000281 25
2000697 55
2000684 61
2000945 44
2000469 49
2000666 42
2000704 48
2000891 43
2000769 61
2000851 54
2000756 31
2000536 70
2000451 43
2000747 39
2000340 66
2000251 35
2000322 43
2000747 56
2000957 64
2000697 69
2000540 54
2000803 48
2000638 66
2000382 55
2000845 68
2000421 57
2000756 67
2000815 52
2000451 59
2000599 27
2000793 35
2000505 50
2000314 43
2000957 54
2000477 47
2000451 65
2000756 34
2000340 54
2000536 38
2000583 38
2000904 70
2000997 28
2000717 63
2000937 64
2000494 57
2000731 24
2000278 45
2000831 25
2000445 47
2000960 26
2000540 50
2000823 29
2000747 28
2001023 47
2000823 35
2000295 33
2000494 35
2000904 38
2000845 34
2000477 22
2000747 51
2000862 41
2000336 64
2000803 44
2000613 65
2000625 22
2000960 31
2000625 30
2000923 50
2000851 39
2000540 31
2000945 40
2000477 38
2000747 35
2000697 39
2000477 38
2000295 59
2000469 65
2000684 20
2000652 31
2000357 43
2000432 27
2000314 39
2000307 27
2000571 58
2000494 20
2000378 44
2000583 40
2000393 64
2000540 20
2000697 42
2001041 34
2000747 58
2000625 63
2000421 53
2001007 56
2000937 62
2000880 40
2000281 47
2000307 49
2000451 69
2000322 25
2000494 60
2000251 70
2000684 48
2000536 64
2000781 49
2000945 40
2000469 61
2000985 20
2000281 20
2000613 57
2000251 66
2000357 69
2000697 25
2000917 53
2000278 31
2000625 21
