100 199 4000
113 96
147 38
11 17
66 76
120 39
56 41
190 31
152 19
196 87
47 16
118 35
77 79
75 51
90 33
88 32
20 50
101 77
129 11
153 78
2 91
67 77
113 22
103 22
70 52
192 34
64 56
85 30
18 99
186 7
192 28
49 53
22 6
30 1
198 36
58 97
109 89
176 12
77 85
138 79
186 46
35 17
27 38
47 46
18 62
6 40
136 11
66 95
155 13
7 29
136 37
7 60
150 29
89 15
137 59
67 51
90 10
71 49
55 90
163 68
27 73
196 37
23 2
101 91
2 89
66 85
150 97
152 71
57 14
188 72
39 82
125 79
87 5
176 54
179 55
74 8
186 80
50 54
33 24
76 37
20 99
5 38
159 74
192 68
7 76
138 83
117 81
22 37
39 9
33 92
37 7
161 66
79 72
108 65
196 99
77 61
81 74
177 23
106 11
129 69
76 9
176 65
66 89
179 65
25 81
19 44
34 81
59 65
121 26
140 45
6 14
62 94
47 7
78 37
175 1
182 8
20 62
38 34
88 93
132 71
162 23
178 84
49 54
50 38
66 79
20 87
106 67
165 45
79 14
29 61
11 29
63 50
170 50
111 75
16 28
97 98
63 28
85 42
114 52
110 71
127 96
149 2
37 36
75 36
56 56
169 67
9 10
20 45
153 51
132 81
77 69
181 32
17 51
126 65
80 32
110 64
62 34
53 4
165 63
39 15
129 37
125 60
164 26
112 33
146 45
49 6
134 92
161 9
176 21
83 38
82 84
2 70
129 15
62 95
94 33
100 14
133 54
38 79
5 53
63 54
18 55
194 48
43 28
158 11
190 6
74 13
41 81
196 12
9 78
99 77
154 53
143 91
106 88
156 5
83 55
186 52
149 58
26 90
25 97
129 52
100 58
159 3
98 82
19 13
175 41
39 10
139 21
127 37
169 89
159 65
177 70
90 71
10 17
184 61
55 16
100 82
62 72
165 94
65 20
41 34
39 24
9 61
49 52
51 83
25 7
160 57
10 76
74 38
168 44
50 96
133 47
70 87
60 32
40 16
178 85
25 29
196 88
128 13
3 44
115 51
117 88
1 91
32 73
171 7
175 21
1 56
130 84
33 41
181 97
195 74
116 38
67 3
103 41
155 88
197 46
76 98
55 52
27 4
111 66
141 93
89 43
169 43
53 96
7 89
109 15
182 97
152 28
115 29
40 89
195 11
5 48
80 31
171 71
135 92
4 57
122 93
73 58
121 86
136 48
69 15
61 26
160 98
150 42
160 95
108 85
38 72
102 81
142 71
192 32
22 90
185 80
142 22
197 67
61 61
23 25
164 42
134 29
118 59
16 51
90 10
133 99
128 37
97 62
171 59
79 24
40 11
72 62
198 29
194 7
90 35
191 51
65 83
25 28
18 78
40 26
136 88
115 68
156 53
114 66
125 33
25 7
136 98
111 3
197 61
34 67
3 91
73 78
29 10
54 66
57 9
161 79
101 18
59 64
105 29
50 34
42 31
156 41
44 65
106 25
165 53
101 40
83 55
162 4
59 69
139 54
52 2
119 8
52 89
197 6
83 37
161 71
6 9
149 69
14 82
160 64
125 61
18 68
169 73
36 92
123 76
8 52
112 31
61 87
121 14
167 48
53 80
183 65
67 37
180 13
169 70
99 67
118 89
89 20
86 61
87 70
187 35
180 12
90 3
124 47
151 47
34 66
125 43
22 13
86 68
4 39
189 13
42 6
37 31
48 79
25 68
112 94
36 78
189 47
160 82
13 50
194 61
96 37
5 37
47 14
154 71
140 4
67 96
151 8
123 90
66 7
14 75
16 48
66 27
146 44
180 84
43 32
60 31
12 37
182 1
121 2
181 32
178 7
157 78
115 88
46 47
15 2
65 77
75 74
82 44
76 35
2 24
169 9
189 91
199 85
150 50
48 81
183 61
165 76
97 4
121 7
34 30
66 60
70 20
12 34
25 56
46 43
186 17
130 77
98 6
111 88
35 14
24 9
150 32
109 50
6 89
95 25
193 84
159 59
5 76
171 38
46 92
175 58
92 87
6 26
142 49
24 82
141 84
151 96
79 58
80 94
4 92
89 23
115 88
121 81
43 43
174 20
156 98
103 83
194 25
61 61
46 80
27 40
186 22
157 73
10 63
136 5
5 20
194 4
106 53
106 69
13 80
168 14
94 14
26 35
158 56
181 47
50 36
53 44
69 78
58 27
60 79
82 73
186 3
35 45
163 24
130 56
199 66
43 92
94 85
105 8
69 45
48 98
78 87
138 91
39 81
69 23
149 99
151 80
163 29
47 86
198 45
152 15
35 53
27 82
63 82
105 37
107 33
19 3
153 76
105 57
68 28
183 6
106 98
29 41
136 94
60 90
103 41
139 80
97 1
143 79
152 54
125 63
104 35
57 65
147 2
16 53
65 32
165 19
86 43
152 43
185 62
40 29
193 95
60 63
131 43
3 88
44 40
131 54
84 90
47 52
25 38
156 44
74 56
123 10
26 15
108 97
81 48
99 76
40 18
198 31
50 42
62 28
146 15
100 22
30 8
26 77
117 7
169 81
103 78
184 89
115 93
120 25
73 40
144 71
157 89
59 53
81 26
6 90
131 45
1 81
78 74
2 81
35 97
172 83
160 72
84 47
148 68
89 63
69 24
191 75
33 40
22 79
10 86
77 31
199 83
100 44
138 20
91 53
1 27
186 99
56 86
195 29
182 4
172 26
110 5
151 61
192 36
140 89
54 62
94 29
199 61
100 23
117 36
79 30
169 41
193 28
16 5
65 40
9 30
10 43
10 44
43 51
11 13
159 6
68 84
26 55
185 70
16 81
33 54
49 58
78 40
151 95
53 54
145 81
155 36
91 82
2 5
100 9
150 37
128 14
196 6
133 29
48 26
46 88
181 7
19 50
8 23
180 51
90 2
66 67
178 78
115 16
130 31
15 18
79 32
35 99
16 17
184 74
2 70
198 97
80 4
106 7
193 52
115 37
126 44
27 43
94 93
157 85
135 37
56 48
165 87
42 71
21 8
121 95
9 41
45 85
121 17
24 59
116 77
92 34
98 36
150 41
28 80
24 99
115 99
93 88
114 72
188 53
55 19
159 47
7 58
148 42
151 36
126 9
154 15
16 89
135 34
181 87
91 76
102 73
166 66
191 49
185 24
185 93
139 10
104 24
36 88
82 70
44 19
77 57
199 60
116 94
150 93
135 46
11 25
75 53
172 32
199 48
104 29
85 33
1 31
119 81
24 96
46 31
190 75
53 12
186 64
92 74
4 85
29 24
150 10
86 12
176 22
31 19
79 8
64 41
4 51
152 82
38 66
184 83
158 54
12 73
181 54
92 78
192 40
172 3
138 2
110 30
108 53
50 2
42 33
93 3
32 95
70 84
175 88
116 62
86 53
16 53
80 33
104 59
141 1
65 44
46 4
165 1
37 22
31 1
79 24
7 19
9 35
194 10
189 76
74 74
178 67
48 98
195 81
108 80
44 32
77 48
185 65
74 47
113 61
189 60
66 78
118 3
160 68
74 5
192 36
140 58
5 29
29 27
68 18
83 70
62 43
107 58
178 36
124 76
131 46
46 19
86 25
51 30
122 23
42 53
153 38
39 7
11 75
96 99
48 20
163 78
123 85
7 86
149 2
196 54
132 16
1 76
86 67
132 90
23 19
103 64
11 9
168 40
79 47
61 24
20 53
44 86
197 66
121 76
43 43
81 64
188 54
179 78
15 7
69 71
19 5
64 29
188 50
75 71
70 51
86 69
66 22
151 83
8 83
170 88
59 39
126 82
1 71
44 43
181 67
159 58
157 48
69 87
169 42
145 23
140 7
110 92
123 76
139 14
138 36
127 60
152 22
43 7
116 32
152 91
22 53
43 89
110 7
173 37
195 3
8 25
11 46
165 26
122 38
18 80
140 82
52 26
104 91
71 72
38 4
26 96
63 2
40 87
5 37
90 28
196 76
187 98
167 43
98 18
80 28
124 31
188 50
129 68
44 85
94 22
122 26
164 19
112 24
58 69
115 27
56 80
40 74
143 77
26 55
47 17
175 20
40 55
182 31
26 96
173 21
7 3
174 94
125 44
28 76
151 25
60 63
87 61
172 10
127 62
30 11
173 87
151 38
71 95
97 37
170 92
175 7
167 31
149 79
170 87
149 22
150 23
186 66
105 87
176 7
104 53
38 14
151 25
169 18
154 71
179 7
199 70
8 83
159 29
5 22
31 88
23 84
63 41
154 73
19 10
102 25
64 9
31 72
169 34
142 18
101 3
33 69
151 4
38 36
105 40
30 60
34 85
71 19
31 4
135 96
123 36
53 71
53 77
199 37
166 77
110 99
144 4
72 79
107 60
156 58
132 31
185 39
18 7
25 46
158 56
180 25
39 42
155 66
109 66
165 5
46 97
182 50
190 41
22 87
195 71
195 77
177 83
192 42
181 58
106 12
24 15
47 6
76 77
10 34
97 59
182 31
147 81
21 5
149 86
121 50
142 10
147 47
72 34
184 77
42 82
1 97
49 88
135 93
169 27
172 92
178 18
34 18
113 98
45 13
92 58
138 64
34 82
193 67
36 59
188 36
146 66
94 80
162 73
36 91
164 50
189 51
33 14
177 44
85 13
80 97
70 80
102 28
189 15
11 74
41 80
45 68
178 51
34 44
154 90
195 40
108 62
52 23
165 13
113 62
63 12
13 17
163 41
61 55
165 74
94 32
79 63
22 39
20 67
177 18
4 93
168 69
66 50
154 82
60 39
39 52
41 44
58 92
10 71
148 40
4 59
150 38
132 18
21 8
22 71
152 2
143 56
44 93
169 95
69 29
63 10
166 51
146 25
98 71
84 61
47 20
107 71
171 4
38 27
129 43
56 70
62 42
191 19
132 47
70 67
110 47
6 4
134 96
105 85
40 82
5 42
52 4
175 69
70 61
60 81
111 83
56 67
77 73
37 69
22 87
130 34
140 69
180 73
100 42
182 19
152 26
189 86
37 96
48 72
113 16
114 98
178 80
71 64
91 86
149 68
178 5
19 46
18 97
179 35
42 13
168 2
172 40
128 50
122 51
74 58
32 13
92 31
135 15
158 22
75 53
131 41
17 45
46 67
168 80
53 17
68 58
164 89
54 42
34 98
56 69
96 16
109 36
44 68
164 61
123 50
132 89
73 72
88 57
90 67
118 9
168 30
58 23
15 86
121 29
23 30
153 51
82 27
198 38
103 27
167 76
59 3
136 56
175 59
100 82
151 10
96 78
35 63
136 10
15 99
43 32
41 41
132 74
137 51
13 64
26 1
80 83
79 4
108 91
118 47
105 25
96 42
35 1
16 30
66 25
195 23
199 82
180 28
197 28
182 99
153 73
27 70
14 60
183 99
196 60
22 75
130 1
13 28
18 56
188 6
115 70
19 69
190 61
149 10
66 55
173 68
59 69
184 84
38 10
192 31
125 38
172 44
110 6
88 21
86 12
162 98
17 48
161 34
72 94
24 41
24 25
29 86
26 78
53 62
33 11
8 5
155 11
130 19
150 13
192 17
10 87
143 76
80 6
29 20
121 62
137 41
29 15
168 52
121 3
17 53
88 56
147 77
198 3
7 13
125 11
64 26
177 12
65 99
40 35
126 23
173 25
46 82
132 3
21 45
65 69
57 71
60 97
5 37
165 8
9 26
72 31
104 12
145 37
6 91
151 65
186 45
32 87
108 60
41 20
52 35
123 94
157 78
124 58
52 93
134 57
10 23
137 61
6 86
120 72
66 82
48 49
67 19
139 77
168 57
167 44
95 14
43 31
167 54
169 91
162 7
126 82
48 27
86 41
52 97
35 56
85 51
187 93
55 90
69 98
125 42
42 8
133 97
33 2
108 88
184 1
168 18
102 87
194 4
142 6
185 45
49 64
116 66
187 89
118 58
113 61
194 42
4 10
113 84
84 96
51 27
53 8
178 6
96 79
185 64
154 58
111 99
139 30
22 25
76 26
161 47
175 85
156 32
127 18
85 32
52 62
186 57
186 4
174 4
125 42
85 45
83 23
104 20
176 58
98 81
44 14
163 56
190 52
9 26
152 89
71 64
14 2
22 24
108 3
104 22
55 38
122 11
58 33
95 63
79 53
108 71
143 74
65 55
81 2
62 47
132 63
111 79
20 37
90 58
172 34
106 48
104 41
160 96
146 34
33 27
72 94
6 97
82 29
14 12
160 18
95 72
42 10
161 81
90 41
185 49
162 15
146 73
182 44
24 73
193 82
5 39
118 30
196 59
149 84
135 66
74 58
166 21
171 28
95 37
119 9
32 45
57 1
147 71
105 81
25 10
129 85
114 11
84 55
56 28
180 8
8 70
30 35
138 85
149 19
156 88
127 1
72 64
39 17
185 96
25 99
32 85
7 21
126 80
120 33
166 9
18 47
35 23
67 69
25 12
53 21
145 23
130 42
114 40
72 60
31 49
25 29
145 70
185 97
87 39
152 3
191 41
192 81
182 45
34 68
149 55
175 10
118 43
129 96
51 68
64 78
107 33
164 84
141 84
142 18
40 11
31 26
58 76
48 10
132 57
96 69
118 29
131 93
5 81
134 52
48 89
43 7
27 26
56 83
30 26
126 78
40 49
22 59
47 61
69 36
42 7
103 92
6 19
94 1
142 79
130 3
136 71
115 95
118 46
9 66
194 57
26 76
168 66
147 45
59 90
155 64
169 4
162 17
5 49
98 12
92 57
154 12
198 21
130 19
199 66
2 44
112 60
54 66
169 43
56 31
105 41
38 2
2 34
155 10
163 42
170 61
114 71
23 57
27 82
146 64
8 50
90 69
41 93
107 81
96 95
34 67
160 94
109 53
94 43
20 4
172 95
75 33
47 16
123 17
59 13
63 69
38 82
42 69
46 20
104 71
89 32
97 62
29 96
139 59
74 62
159 72
143 57
115 89
175 61
61 29
104 72
164 8
108 33
38 69
57 64
170 86
184 2
71 14
176 98
71 13
92 67
175 29
38 1
33 39
27 45
122 72
100 10
156 80
60 5
145 24
5 46
46 49
57 73
85 73
57 40
23 27
96 88
101 13
139 29
122 11
1 42
122 41
48 28
20 91
176 97
172 45
93 78
153 5
192 88
75 66
165 76
152 88
38 94
91 58
82 79
143 28
177 36
39 97
190 84
2 63
27 47
180 82
78 93
167 12
38 17
158 29
70 88
121 49
25 25
125 34
52 78
6 59
73 58
176 26
140 24
106 6
5 31
114 22
123 11
11 33
81 70
45 89
127 3
186 3
131 3
146 66
48 7
93 56
157 16
63 52
62 63
23 66
70 69
160 55
93 53
64 60
60 97
2 67
51 39
171 22
189 99
85 3
152 31
129 1
46 29
25 41
29 78
60 83
138 81
1 37
43 85
189 90
103 7
165 80
158 64
77 83
129 46
169 65
44 62
15 50
128 72
110 15
53 15
13 62
92 71
78 9
172 74
85 6
105 34
149 6
92 54
157 86
42 7
147 96
101 61
117 54
71 78
17 14
11 67
91 95
124 63
66 93
196 14
189 5
196 6
96 35
143 78
105 94
139 63
178 47
88 52
47 25
186 8
27 25
107 8
183 55
16 30
102 9
131 96
121 17
156 76
116 98
174 72
48 85
185 69
51 94
10 40
157 41
91 92
81 88
116 11
113 42
46 70
103 9
192 17
139 53
37 90
46 82
32 15
96 82
64 41
28 43
140 17
158 58
199 1
167 45
187 71
149 43
137 14
183 93
149 29
14 90
108 40
112 30
68 49
33 14
108 46
108 17
184 89
8 54
103 99
6 51
139 40
146 91
77 16
120 57
52 13
66 10
183 93
55 45
64 91
22 75
118 28
155 58
127 60
59 13
78 14
172 78
124 33
71 65
115 90
37 41
179 24
15 87
179 68
100 84
132 10
55 46
17 77
138 83
121 47
188 36
65 51
82 58
118 18
173 1
52 72
51 10
15 91
61 5
69 55
120 56
94 47
21 32
55 48
69 1
46 35
60 94
57 88
6 90
11 34
42 84
132 67
41 82
30 37
195 48
7 76
18 58
7 53
21 31
84 83
39 23
199 85
94 42
128 56
32 98
136 53
121 39
56 17
148 50
62 52
104 61
172 42
67 53
61 10
163 51
14 2
12 69
77 53
9 56
170 31
9 80
43 14
25 10
152 98
109 51
153 44
131 35
87 50
109 78
157 17
177 32
155 79
83 20
193 52
29 11
131 45
123 23
65 91
115 98
25 89
94 38
151 82
12 29
151 98
102 40
20 53
153 35
86 77
189 9
129 96
52 74
180 66
118 82
101 37
92 1
71 72
95 13
89 41
184 57
55 55
151 2
103 67
125 73
155 20
93 51
118 89
85 39
124 3
7 2
53 22
186 26
66 32
11 22
171 89
65 64
33 98
193 14
94 6
38 55
167 96
147 65
192 77
153 93
132 80
192 66
166 46
151 72
49 75
9 16
32 91
7 65
186 14
27 91
177 43
91 16
105 6
167 93
112 58
196 74
116 61
62 59
137 9
173 60
92 89
158 90
61 70
193 49
150 97
111 24
29 37
10 35
30 73
113 36
106 20
166 37
31 9
5 53
21 73
93 10
97 25
112 50
63 30
157 48
43 20
37 11
95 7
7 4
72 47
25 26
103 67
30 62
21 15
98 1
8 4
48 99
173 83
163 30
196 31
5 54
191 53
141 9
77 10
111 7
165 51
20 25
133 67
84 94
175 49
107 28
161 89
65 66
35 7
7 40
149 62
64 36
153 35
174 99
40 83
7 10
91 44
143 2
186 98
67 63
67 5
166 56
154 16
11 41
100 40
36 96
102 87
156 66
194 34
58 4
10 3
188 81
41 20
15 85
64 92
143 84
183 76
181 36
160 4
143 37
56 85
190 13
35 39
103 15
94 17
7 98
2 33
64 38
128 98
181 26
85 30
25 54
126 50
116 37
185 2
128 18
94 38
147 42
120 82
102 35
143 29
111 87
94 23
115 25
126 62
126 74
110 26
24 39
167 16
81 58
8 43
46 52
7 67
64 97
161 43
1 66
15 28
97 72
21 1
155 22
58 78
60 9
42 37
86 9
50 82
113 22
176 23
191 23
36 31
159 17
56 37
185 38
10 2
147 1
9 2
29 91
49 7
3 81
149 99
103 7
150 96
55 5
1 50
192 83
97 68
118 38
33 42
110 92
113 8
148 27
26 77
2 42
67 39
120 22
15 22
71 34
5 55
183 70
115 86
81 1
154 82
111 37
129 77
68 88
31 8
172 31
194 87
148 8
175 76
91 46
175 48
182 66
174 84
78 47
182 77
95 30
23 32
186 34
20 54
123 33
143 33
148 65
16 55
9 98
184 41
72 46
121 66
105 93
99 89
34 11
127 61
73 59
168 51
106 64
85 39
156 65
194 22
143 35
67 30
21 59
193 41
94 64
104 61
160 33
67 77
6 29
187 76
16 55
177 78
15 80
21 50
157 31
45 6
26 79
192 3
53 23
121 51
109 12
14 31
119 4
193 15
99 20
17 81
123 10
27 59
166 56
169 1
159 20
36 81
179 32
119 54
159 17
138 47
17 94
172 81
98 54
49 98
63 14
104 77
8 13
136 98
187 69
146 34
76 59
66 31
22 7
26 22
4 60
119 21
117 89
37 78
65 10
25 72
177 11
62 20
16 27
192 63
161 52
48 44
9 33
50 98
152 21
143 38
20 85
68 71
118 38
32 22
163 81
136 8
154 87
160 12
127 76
39 63
14 89
192 88
116 75
132 98
117 57
128 20
119 26
58 87
158 88
40 53
150 41
164 76
31 1
177 55
50 24
72 75
70 86
20 35
164 65
160 21
3 36
89 3
85 56
151 39
124 85
124 20
48 10
52 8
5 13
172 46
83 30
77 10
56 48
188 31
34 57
157 14
89 98
81 2
51 60
134 75
90 45
28 51
172 73
148 7
120 49
10 1
141 56
148 46
29 69
172 7
16 95
35 18
175 30
29 36
170 36
190 25
64 31
78 42
193 69
176 59
25 99
93 77
74 44
87 49
92 84
133 33
112 39
140 8
109 79
197 86
170 55
49 20
126 36
66 63
19 83
154 45
169 69
3 24
195 76
151 94
45 98
94 37
5 4
35 41
138 26
51 93
108 63
50 61
15 51
3 5
29 44
91 60
42 26
3 28
29 8
150 75
36 18
44 95
50 99
87 3
134 94
32 58
26 19
195 21
82 33
115 61
114 45
46 65
60 36
126 73
11 80
75 24
9 14
138 22
168 76
32 8
47 99
44 90
196 15
190 1
45 22
159 41
164 40
118 89
184 18
22 33
175 35
199 23
176 4
4 78
136 22
29 6
39 85
99 36
77 8
151 86
169 54
30 92
185 12
112 53
103 47
186 93
130 85
199 94
68 42
36 8
127 88
167 95
129 15
35 95
113 71
77 48
36 94
120 30
137 71
100 37
3 3
104 10
142 61
13 63
195 16
23 3
28 53
30 11
4 45
13 74
182 17
118 71
172 71
112 61
130 91
83 80
93 10
34 5
84 57
57 46
117 21
133 10
131 94
194 44
177 42
15 27
35 44
45 2
41 99
29 78
168 15
128 80
13 87
6 76
5 78
177 80
38 68
122 86
180 99
41 82
109 94
65 42
5 38
175 18
2 36
29 97
153 83
192 10
35 99
46 89
68 65
184 18
43 53
118 22
7 86
178 67
118 74
73 48
31 84
29 14
72 97
75 59
46 34
130 74
21 81
183 18
36 84
93 58
92 14
15 96
56 59
91 85
121 40
61 63
112 8
6 85
172 31
172 54
54 1
38 77
106 29
180 84
176 56
25 48
133 12
59 32
70 7
82 2
43 80
124 12
106 69
152 40
63 17
84 83
70 79
72 52
69 62
99 15
13 65
76 87
174 55
155 13
31 54
188 13
34 33
66 15
66 33
106 18
165 25
165 56
110 36
7 99
150 14
171 88
90 97
57 46
133 28
96 91
165 32
138 48
21 7
120 27
54 7
29 65
150 42
155 2
110 74
90 3
4 70
21 55
179 4
72 36
106 21
195 87
63 17
11 2
6 97
110 87
110 12
68 93
149 56
195 51
59 32
179 47
114 54
60 39
155 61
35 37
172 18
184 40
62 1
157 38
199 20
157 99
76 63
81 87
170 96
70 3
198 82
83 76
75 80
126 82
105 84
131 75
161 25
22 39
13 36
21 93
186 37
162 18
19 14
98 98
44 2
50 62
194 64
197 32
50 86
161 65
169 12
21 2
190 83
150 19
195 11
38 31
44 49
84 88
146 40
98 54
155 84
57 10
106 39
43 51
76 86
103 32
181 9
4 77
150 48
87 94
111 6
121 9
183 70
138 19
158 71
44 31
81 64
16 56
2 78
178 58
119 16
37 9
75 63
175 52
7 12
63 80
172 27
115 84
6 6
135 29
18 33
52 95
61 12
84 32
110 20
49 19
84 52
157 41
49 9
32 40
152 93
46 80
89 23
48 37
120 3
27 4
92 72
49 84
168 4
16 47
55 89
48 10
106 43
34 7
176 10
164 92
110 18
198 41
67 30
144 99
122 41
91 69
192 29
111 23
59 88
127 88
183 78
132 90
13 21
86 82
113 66
178 71
3 99
144 53
25 5
14 7
199 5
16 6
183 66
131 35
87 20
142 41
89 49
116 26
134 47
58 40
115 79
72 95
160 7
30 62
138 19
75 48
3 10
99 72
18 88
36 25
143 41
2 6
63 16
19 54
118 89
116 60
64 14
65 15
114 56
36 2
54 58
82 6
62 88
162 73
164 14
146 65
135 30
7 16
41 79
144 91
173 20
151 29
125 21
34 5
183 48
96 99
3 60
19 43
15 76
135 2
180 91
18 19
10 19
134 14
103 97
75 8
56 90
74 37
34 72
86 45
18 92
71 22
84 18
46 7
49 56
186 57
92 4
193 46
132 32
181 15
42 18
152 75
23 20
8 69
49 27
32 46
30 17
47 33
1 58
128 5
52 79
11 38
147 11
118 10
81 48
167 47
98 43
62 63
12 4
134 66
15 52
40 91
62 76
63 88
3 98
79 26
5 49
6 5
22 38
164 92
109 84
152 67
62 65
112 17
57 18
89 45
61 65
140 54
32 94
107 75
92 62
189 18
116 76
33 9
145 66
21 67
192 22
53 44
57 21
196 88
100 18
169 86
171 49
31 34
125 10
149 9
13 12
198 50
152 84
152 10
102 41
160 55
172 83
97 64
81 13
167 1
72 57
176 75
142 74
8 68
89 41
72 53
184 6
181 7
71 28
74 6
162 79
134 8
3 90
117 84
5 92
69 91
26 41
31 13
184 96
27 49
24 22
26 91
125 99
198 54
137 3
75 4
18 88
11 26
121 29
42 14
168 25
127 78
76 93
165 30
76 76
63 34
82 8
14 88
195 30
113 49
154 44
23 89
168 23
81 32
116 89
138 11
182 39
192 25
116 12
89 94
133 99
27 7
84 53
8 60
26 49
163 23
169 32
183 74
96 78
89 50
39 30
60 7
19 9
78 86
81 21
190 64
45 54
3 91
55 53
91 90
171 98
163 55
131 85
56 15
150 47
44 62
63 92
73 24
5 12
186 91
122 33
2 23
79 6
166 58
190 91
52 94
40 69
138 71
88 89
68 47
149 80
119 38
158 83
94 5
183 75
67 78
196 73
100 54
180 88
5 89
25 56
72 90
184 57
193 47
141 98
112 10
94 63
160 47
145 1
120 46
14 58
170 93
57 27
79 10
92 47
193 20
102 45
51 91
162 74
7 44
92 7
108 76
12 39
194 79
134 55
141 35
121 7
52 68
13 66
84 11
21 55
66 28
3 70
102 30
195 76
80 93
96 17
50 3
177 92
164 45
132 70
73 68
168 17
90 26
177 81
103 88
30 67
32 66
33 50
27 43
130 60
2 58
50 56
195 43
199 29
143 36
134 45
161 36
91 58
106 34
45 32
145 4
66 13
29 58
40 94
36 37
143 73
181 17
158 77
199 96
40 59
88 98
14 27
25 46
176 21
28 83
15 41
80 9
136 88
3 11
13 10
20 3
151 10
128 40
183 69
31 97
131 79
10 6
72 41
158 56
63 23
91 78
186 81
113 73
19 63
26 15
198 35
138 24
190 7
64 87
39 34
106 50
21 78
1 59
95 19
8 90
10 35
65 28
112 48
158 85
156 15
53 3
169 97
107 34
8 33
78 66
13 16
58 57
166 40
19 63
152 51
114 48
194 56
197 31
48 37
97 46
59 81
98 55
153 1
95 43
107 44
120 48
10 46
42 17
128 25
150 39
70 10
68 51
13 1
151 38
15 20
53 86
89 23
189 32
128 19
163 72
181 88
69 69
32 33
69 49
70 52
194 86
183 11
24 65
170 85
121 38
33 34
13 57
187 54
38 10
87 46
14 47
22 30
110 17
17 29
27 77
17 43
38 56
29 65
174 76
58 2
176 82
91 66
154 34
62 37
20 24
85 40
59 6
17 64
28 22
15 52
24 54
108 81
107 21
19 80
187 3
154 10
192 22
135 54
181 65
31 27
36 82
149 67
3 23
70 77
15 82
12 40
57 25
123 1
19 62
99 72
189 89
44 42
191 42
165 96
190 92
139 65
74 39
117 86
197 29
120 92
122 78
148 9
93 60
58 6
99 7
18 38
131 17
89 65
64 25
111 45
88 92
35 69
73 6
98 2
3 34
162 58
48 91
12 1
14 21
128 77
110 6
191 99
18 33
117 60
46 79
25 78
46 13
7 2
47 99
143 32
144 45
76 41
20 97
40 51
147 32
65 62
111 4
141 24
113 93
117 53
146 40
20 46
49 19
141 26
117 75
20 25
72 61
137 53
2 61
100 37
42 47
191 88
147 23
130 9
124 47
112 65
32 56
82 61
173 4
190 37
74 30
101 97
180 47
142 83
132 8
33 22
195 22
114 42
26 67
179 47
88 48
3 64
151 29
108 46
184 16
89 48
159 48
38 13
31 54
43 98
168 55
168 52
24 47
167 56
19 8
109 76
5 52
141 76
72 32
68 95
122 59
174 73
59 84
43 73
168 57
9 25
167 64
161 39
115 50
60 16
81 55
144 32
48 33
87 15
146 41
132 89
87 91
192 68
185 39
51 47
84 11
137 57
45 35
53 6
168 19
169 78
183 3
186 28
171 23
114 46
14 67
196 56
51 99
54 60
43 68
186 42
179 15
77 14
119 58
114 37
35 74
19 45
171 19
20 80
190 50
11 14
53 88
12 30
47 23
102 53
22 84
197 9
22 67
170 47
126 7
83 17
183 12
45 86
58 5
82 41
70 95
84 2
119 73
12 93
75 71
33 22
27 53
168 82
134 13
50 16
142 44
126 13
89 1
67 40
122 45
53 28
58 80
18 59
18 66
68 31
175 71
154 37
166 64
78 30
170 71
110 51
128 6
144 70
198 6
187 83
131 23
108 78
95 20
191 20
115 35
76 78
62 60
187 71
1 57
192 66
147 56
116 1
190 35
196 36
190 45
12 15
87 31
133 60
32 18
132 37
124 82
189 34
18 10
138 76
63 35
55 19
75 36
196 13
151 64
100 8
194 77
174 7
18 75
136 61
30 16
133 64
6 69
125 35
71 48
72 19
10 2
143 91
27 19
142 59
84 82
17 98
141 25
88 4
8 2
25 42
112 20
172 52
79 37
86 40
117 57
65 32
156 75
10 6
21 74
180 7
167 51
63 74
181 37
182 3
97 96
4 75
144 58
69 54
47 73
15 6
10 13
128 19
163 36
75 73
74 35
139 88
173 39
35 59
33 74
10 67
121 81
55 55
54 73
5 54
158 8
163 84
49 29
10 52
189 24
93 98
58 3
4 17
50 91
157 1
181 69
29 85
32 83
81 8
128 41
58 32
128 56
69 44
167 22
26 6
72 37
133 41
123 83
66 3
158 14
110 38
111 76
136 56
60 91
183 90
26 92
130 81
95 29
7 45
100 15
131 3
123 34
95 65
197 76
38 42
184 57
76 68
50 98
189 64
135 3
54 42
76 99
148 42
37 86
101 97
154 66
29 48
195 78
108 56
23 70
138 77
139 19
191 13
119 9
130 15
91 93
156 12
174 93
105 82
35 77
78 52
162 67
55 73
142 20
48 28
145 54
69 21
194 46
187 15
55 64
80 81
141 4
1 42
94 84
76 56
73 42
129 95
187 19
146 7
154 78
124 37
181 84
171 56
106 78
50 10
10 71
9 94
22 63
136 12
111 51
66 66
40 86
134 3
68 34
147 19
27 29
13 12
66 83
132 53
5 83
83 83
120 54
196 3
158 83
95 68
110 29
110 47
46 65
190 26
84 28
47 2
132 55
94 64
173 27
173 25
135 48
128 93
80 91
18 37
197 64
30 23
8 16
107 37
48 4
22 9
51 74
79 49
66 74
136 9
154 74
164 58
54 69
134 7
24 59
192 6
52 96
26 11
90 41
11 53
116 94
148 10
35 29
187 19
136 61
75 86
117 11
27 34
160 94
42 61
7 10
66 22
90 46
120 9
102 38
111 54
136 55
18 89
171 18
68 83
73 1
155 12
194 42
146 39
40 67
62 7
141 19
7 81
38 6
1 29
132 4
154 7
49 26
56 70
92 51
7 32
64 4
125 88
56 87
158 80
195 95
157 81
17 99
7 65
173 9
23 52
16 36
198 28
190 27
161 52
140 95
117 55
104 8
98 87
18 61
71 71
106 54
43 93
51 60
11 6
169 19
100 67
89 60
38 75
62 92
199 69
71 59
2 96
15 5
119 7
34 56
48 84
165 71
104 49
136 62
43 64
127 55
162 49
10 35
49 19
73 87
126 47
73 35
88 84
142 22
67 22
37 74
80 68
167 21
147 16
184 17
11 67
145 92
182 2
124 42
108 57
120 84
120 96
129 10
87 46
81 4
130 48
58 52
36 35
161 6
156 9
59 65
136 57
140 80
141 29
80 41
49 99
168 5
176 29
91 25
140 53
192 40
24 83
182 74
21 17
48 20
153 42
120 77
62 14
192 65
85 46
37 32
113 6
152 46
34 97
88 7
33 28
129 19
152 42
31 13
25 53
138 96
22 6
45 91
56 80
51 80
79 23
40 24
197 20
190 14
156 73
170 38
56 68
12 76
55 14
18 44
122 38
119 88
78 26
152 70
71 5
25 67
180 22
99 86
116 29
74 65
142 96
90 35
10 31
91 41
4 54
165 70
128 24
101 66
106 71
90 70
109 2
121 56
187 39
155 23
83 94
179 21
77 66
143 26
48 74
42 70
117 79
65 79
195 96
83 27
192 44
133 38
53 36
40 82
124 68
59 95
166 30
14 71
133 72
187 91
54 89
39 61
54 22
142 31
128 95
192 80
63 44
67 46
61 9
26 7
5 12
189 56
157 29
114 23
144 44
87 59
50 37
88 56
57 12
95 69
65 53
6 17
95 45
21 21
152 37
100 20
135 88
103 8
94 22
96 91
84 58
136 81
176 88
47 45
158 72
65 25
177 69
18 49
174 3
5 97
136 23
58 95
169 16
109 16
5 1
92 25
170 42
180 26
175 29
91 93
163 89
100 34
183 78
186 37
95 64
126 61
93 52
44 7
172 16
117 48
159 96
21 35
128 77
163 69
5 94
134 87
152 14
81 77
62 62
44 72
161 83
193 4
43 56
64 45
163 2
104 15
135 30
46 20
10 97
181 63
78 73
99 22
48 23
76 20
172 83
68 36
38 25
158 43
81 14
175 63
143 92
4 86
14 22
87 56
163 21
95 88
144 34
170 80
22 66
102 62
56 81
30 87
174 11
156 51
60 39
190 87
171 69
96 37
113 25
40 83
158 16
75 58
196 78
167 42
21 78
69 20
80 73
78 28
197 20
1 63
104 9
184 7
125 84
138 82
40 38
14 76
197 83
198 23
156 54
138 41
114 24
137 46
136 1
191 14
9 54
35 82
126 90
6 9
38 64
1 96
112 36
19 54
96 55
70 71
76 31
94 53
52 47
186 1
67 37
107 58
31 6
69 60
49 60
15 91
197 12
160 75
126 23
123 72
89 22
49 24
93 22
92 81
129 17
63 94
141 12
82 89
87 33
133 32
162 31
181 15
67 17
40 29
157 80
42 36
107 49
102 24
135 20
30 91
135 81
14 38
77 32
50 10
38 82
129 69
178 36
155 37
28 23
6 38
36 72
44 3
173 12
96 88
158 85
192 50
1 92
149 86
187 63
71 92
157 68
94 51
5 96
18 41
118 21
83 17
198 54
174 71
119 43
137 34
123 73
24 61
132 56
5 35
177 24
36 86
85 43
178 94
145 89
171 6
109 48
118 23
77 53
29 70
115 77
144 41
65 15
48 27
11 48
110 2
38 11
142 25
140 42
121 47
109 91
110 91
113 37
13 54
109 87
178 94
140 31
113 92
93 1
27 77
177 8
45 6
199 69
60 46
157 61
74 20
8 83
29 56
7 4
140 17
176 11
141 88
37 64
34 38
40 50
162 25
57 28
49 16
23 1
16 57
3 77
125 22
101 73
74 85
176 90
44 72
48 26
132 62
184 42
178 15
63 49
110 66
6 6
166 25
137 46
9 33
88 14
145 64
183 67
121 1
198 75
156 74
123 24
138 94
22 8
159 81
59 15
11 39
126 9
197 64
38 51
16 70
162 74
71 41
47 57
147 64
112 27
174 86
68 88
197 42
156 41
133 40
37 76
52 62
133 45
165 43
199 9
189 59
141 33
136 95
133 33
27 56
97 84
77 31
35 78
109 50
178 82
42 68
128 3
127 34
167 38
174 75
114 87
102 96
126 31
46 27
145 73
99 97
91 15
17 68
91 14
179 45
148 27
104 43
33 35
142 81
141 89
187 50
6 65
40 7
197 79
186 7
9 7
46 1
91 84
2 67
41 42
1 7
42 29
113 28
