1000 100
49 686
68 1088
78 1794
90 1620
56 560
80 2000
11 209
100 2000
79 1975
86 688
98 980
70 1680
79 1106
62 1364
46 414
66 726
60 1260
68 1360
59 708
70 840
14 294
33 792
79 1580
40 880
11 165
33 594
95 2375
48 1104
43 430
60 720
98 2058
25 450
64 1024
88 1760
67 1608
87 870
97 2328
93 1395
24 600
44 660
72 1008
95 1235
80 1120
39 468
72 1368
58 870
52 520
50 400
79 711
100 2400
27 324
46 368
61 915
79 790
19 380
13 143
38 836
80 1760
71 1775
53 1272
16 128
82 738
31 744
94 1786
27 216
45 1080
44 968
100 2400
69 1242
18 306
91 1820
89 2136
99 1089
96 1920
68 680
32 480
51 918
81 1539
34 442
69 828
44 440
83 1660
27 216
66 1452
27 648
68 544
88 1496
97 2328
72 720
16 176
56 560
40 920
80 1360
84 1008
45 855
22 374
86 688
47 470
82 820
63 1512
21 483
50 850
58 1276
50 700
60 660
27 567
88 2200
13 130
54 810
86 946
33 627
52 1144
32 448
28 644
82 820
21 210
73 1460
48 432
62 1426
89 1068
35 525
13 221
92 1840
35 490
35 420
64 960
99 1485
55 440
24 264
93 1674
49 490
18 432
10 150
33 264
49 588
25 500
88 1848
27 648
62 1488
11 165
100 1000
60 1380
52 1144
29 464
88 704
84 1176
36 432
29 261
81 648
97 1164
22 418
44 440
36 576
53 742
27 324
17 289
78 1638
77 1771
55 770
66 1320
55 440
26 364
17 136
65 1365
44 880
24 576
100 1100
54 702
84 1428
22 440
56 952
90 1980
86 1806
44 528
49 1029
98 2156
94 752
86 946
92 2116
84 1344
54 1296
68 612
89 979
79 1896
55 825
20 200
33 561
58 1218
52 1248
43 344
32 352
72 792
86 1634
65 1170
57 456
17 187
61 1464
96 1056
68 1496
59 472
61 1281
49 490
91 1638
77 1771
16 144
65 780
87 2001
46 598
49 833
30 420
16 192
43 559
84 1680
32 416
41 984
15 150
32 608
92 1104
32 640
87 1914
38 912
45 630
75 1500
35 770
86 860
83 913
50 950
21 483
38 418
98 1568
26 208
23 230
16 160
42 756
57 513
68 680
92 1196
60 900
20 220
97 1552
76 1748
31 341
45 585
21 252
48 576
24 336
93 744
46 1058
53 954
46 966
82 1722
37 703
90 1440
28 588
13 182
27 594
43 774
76 1368
23 506
57 1254
42 966
42 420
62 868
44 704
27 567
21 168
68 1632
32 736
82 2050
21 168
23 299
49 833
74 1850
53 954
59 1062
27 540
80 1040
78 936
94 2350
96 1344
47 1175
26 520
61 732
58 928
98 1274
81 1701
58 522
96 1248
56 728
26 260
70 1330
92 1380
67 1474
27 486
97 2425
65 1560
90 1890
68 1428
57 1083
29 638
16 320
74 1036
46 460
60 660
76 1064
65 780
29 580
92 1012
53 1325
74 888
24 312
14 308
90 1530
40 760
33 495
92 1840
28 224
22 550
15 300
99 1089
77 1771
42 924
91 1274
29 290
10 130
33 627
66 792
29 290
41 369
96 2016
54 1296
63 1386
24 480
88 1936
41 697
27 540
55 935
58 1160
66 660
96 2112
15 120
69 1449
95 1330
90 1710
11 242
39 624
39 546
54 918
49 1225
17 170
12 168
25 575
51 663
53 742
83 1494
76 608
56 448
57 456
98 882
32 288
19 190
59 531
89 1246
43 516
11 242
42 924
81 1944
39 312
71 1562
15 120
65 1560
30 600
45 810
73 730
43 903
91 1911
26 390
99 1089
73 803
55 1265
46 552
40 600
50 750
10 110
28 252
20 300
99 2079
67 536
90 1170
57 855
38 646
47 799
52 572
18 432
31 403
25 275
66 528
12 180
23 414
93 837
11 231
97 1746
89 979
65 1365
75 1200
82 1804
16 368
36 396
45 675
69 621
15 225
58 1450
22 330
15 300
59 885
45 1035
86 860
91 728
32 416
54 1080
80 1920
48 384
54 702
70 1260
17 408
32 512
42 462
66 1320
63 1512
24 600
55 605
47 752
55 880
47 1128
86 1634
14 196
43 430
78 1950
89 1246
63 945
55 1100
71 1278
74 1776
61 976
82 1394
59 826
24 408
75 825
47 1081
51 561
27 513
65 1430
67 737
14 308
92 1656
62 1550
88 2112
17 391
88 1672
87 1131
89 1869
22 484
60 780
81 729
33 264
24 312
46 828
93 1116
41 328
98 2156
43 602
58 522
73 730
95 1235
98 1274
10 230
55 715
92 736
54 1134
89 712
16 288
84 1932
14 168
90 1440
87 870
74 1110
61 1220
27 540
94 1034
95 1235
39 780
13 273
10 100
50 700
41 1025
88 792
100 800
67 1005
73 1314
26 208
64 512
36 504
21 378
62 558
58 1450
17 204
93 1767
27 567
77 1232
49 441
50 500
95 1900
60 1500
57 741
28 392
13 221
65 780
83 1660
69 1449
86 1032
51 561
66 1056
32 704
91 1911
77 1540
18 432
59 885
16 336
91 1547
67 536
75 825
37 444
51 1173
72 1008
13 325
61 732
22 176
65 520
65 845
22 286
35 735
72 1080
93 2046
26 546
15 180
48 768
56 728
60 840
76 684
87 1566
27 513
42 378
57 1368
32 448
40 800
59 767
17 408
95 1425
81 1053
96 960
82 1640
98 1470
49 637
41 820
68 1632
80 1360
62 1116
89 890
63 630
42 462
89 1068
59 767
52 624
89 1869
39 936
100 1300
46 874
53 1007
91 1365
45 360
20 380
58 870
26 468
28 420
56 728
52 520
55 660
33 528
50 550
18 180
41 656
34 408
29 493
44 880
20 380
61 1037
16 368
65 910
83 1245
94 2162
25 475
37 740
40 320
27 324
93 744
42 1008
20 480
55 1320
21 357
43 688
75 1800
94 752
10 210
19 285
61 1220
96 2112
87 1827
77 616
12 180
73 1752
51 510
79 1817
50 750
81 1053
11 176
34 476
94 1316
75 1125
11 231
43 473
43 473
16 144
33 792
11 88
65 1170
18 180
25 500
53 742
20 200
19 171
75 1200
26 416
34 578
20 420
82 1886
12 108
62 1178
18 198
54 1080
76 1216
56 616
95 1425
16 352
19 418
23 529
19 171
17 272
57 1368
25 325
67 1005
84 2100
49 784
71 1207
85 1105
50 1150
25 325
52 520
34 340
47 752
85 1530
52 1040
44 528
15 195
91 1547
32 576
20 460
94 1316
94 2256
76 912
61 976
58 1218
99 1386
10 160
95 1330
21 357
36 900
14 294
71 1633
75 825
80 1280
23 253
24 288
70 1540
67 938
25 225
58 696
37 740
11 132
16 352
54 918
60 720
61 671
52 1248
12 144
81 1053
52 728
100 1000
74 1480
77 693
73 584
11 110
46 598
16 160
91 1001
17 136
47 1128
69 1242
20 200
10 90
61 610
57 1083
41 451
18 306
52 468
96 960
87 1914
89 2225
14 266
62 1302
96 1632
13 299
17 323
41 1025
100 1200
19 342
21 462
31 310
42 336
25 450
82 1230
80 1200
53 1325
67 804
38 646
67 536
13 130
83 1660
16 304
98 882
90 2070
16 320
57 1368
14 294
70 910
90 1800
11 154
57 513
94 1880
43 602
80 720
95 1615
98 1078
86 2150
53 477
79 1659
72 1800
12 240
71 639
85 1275
64 896
56 1064
78 936
58 696
27 486
14 252
73 657
22 198
66 1650
51 1071
90 2250
89 1335
52 1196
40 320
81 1215
91 1274
99 1485
17 153
48 432
28 364
71 852
63 882
87 783
46 598
68 544
64 512
29 609
69 759
11 88
23 529
29 232
39 819
98 1274
67 1340
35 630
61 976
96 1824
18 198
16 208
55 1100
82 1722
49 539
55 990
67 536
19 247
39 780
57 1425
41 369
20 480
66 1452
100 1700
11 187
10 100
77 1848
94 2068
32 544
33 627
11 209
86 1806
48 432
42 630
84 756
15 300
39 468
83 747
83 830
84 1344
15 315
62 1116
81 2025
87 957
22 462
24 384
87 2088
56 504
39 897
59 826
11 165
40 320
97 1358
27 513
85 850
61 1037
86 774
23 207
68 612
30 690
50 550
78 1794
89 1691
59 1357
35 595
66 1188
95 1045
29 319
59 1180
43 344
37 629
81 891
29 464
84 1680
10 250
11 231
29 725
61 1464
90 1620
16 192
33 561
71 1491
70 910
88 2200
38 456
20 460
38 798
72 576
70 1190
86 2150
10 180
62 1240
72 1008
80 880
97 1067
92 1288
72 1512
80 1520
15 375
34 408
28 336
46 828
39 936
14 196
12 288
12 240
37 777
12 180
96 1248
58 870
75 675
29 348
48 1104
60 1320
44 1012
76 1748
77 1309
73 1241
88 1144
76 1900
88 1496
39 390
15 210
88 1144
84 2100
91 1911
31 713
71 1065
95 855
59 649
20 440
21 357
64 1344
96 1920
89 1246
59 1416
79 1185
68 1564
20 320
99 1287
27 297
77 924
81 1215
89 1780
80 1360
79 1501
43 731
47 893
61 1403
68 1564
42 462
86 1806
22 550
27 297
83 1660
32 576
69 552
41 902
41 328
97 2231
72 1800
14 140
97 1552
12 96
97 970
77 1309
63 504
31 248
89 1780
51 510
27 378
23 253
74 1036
23 552
100 1500
57 741
38 494
70 1050
72 1512
64 1536
80 1920
47 470
66 1254
38 950
56 1344
69 1035
26 468
14 154
18 288
46 1150
78 624
66 594
62 1426
100 1900
47 423
14 238
98 1274
68 1020
100 1600
58 638
64 1280
26 520
67 670
70 1540
