1000 999 36
8726
2521
1925
1506
786
8398
6136
6835
4967
5475
1375
8642
8899
5220
8214
6581
4769
9245
116
9163
7379
3862
8372
3657
7401
7624
976
8264
5488
9117
3945
2198
9555
65
3113
8443
8547
7139
6839
2026
1737
7483
6070
6413
6850
7478
2924
9015
2586
5187
1270
5535
9818
8890
5049
9864
7323
4257
4158
3423
7621
1288
5396
5823
8062
6066
2600
7857
1579
7095
4543
9830
6568
4487
8914
3319
5211
884
8598
214
7644
9205
3928
9246
8849
8062
4578
2726
6637
7959
2407
642
6312
122
5989
7019
1644
385
4413
332
240
9059
6827
2459
9694
1344
9392
8413
653
1089
798
4322
7210
6151
582
9956
8737
3255
3539
5963
3618
721
6554
4399
9940
5330
8993
6713
6414
2404
5580
9993
83
7277
9837
5953
1187
6198
8383
7095
6339
3889
7199
9201
1782
6668
3136
3807
4978
9661
6270
6460
8370
1333
1441
106
5207
9357
560
2058
8243
1112
3266
5177
2157
8563
7881
9039
8162
9999
3646
1892
6097
9914
5326
9252
21
3071
9649
5295
7269
9429
8430
5601
5918
5303
1497
1852
8097
6166
5428
7872
6180
877
6838
9816
6270
4176
5116
4193
898
989
4825
9587
1999
8939
4295
2703
6997
3713
8029
4501
2762
1557
9689
3531
5601
5606
7315
2935
7322
2325
1763
1577
4130
2066
314
8628
7187
300
6192
2918
2108
942
6470
8351
6364
6994
3565
286
4526
1766
8781
6061
9629
8726
8037
342
9191
9399
2202
4537
111
3104
9127
1839
607
3265
8759
3338
6728
7935
8504
2194
5056
1336
4260
2918
6403
6345
3159
1911
9014
5220
1454
9584
589
2927
8574
2453
7581
9906
9333
1469
3081
4340
2183
1989
5458
8574
9998
6453
6953
7551
6873
4788
5544
5409
3942
5493
2104
2156
6596
9022
777
3989
6843
533
7179
3615
3652
8415
6541
9363
4575
9978
6443
4808
1719
6947
2779
6417
9816
7204
7013
8391
8232
4413
4357
9728
5178
3270
5092
6566
134
7031
9783
6465
3044
4257
690
8875
253
1720
4194
7179
3469
14
8129
4091
977
9408
8156
2480
6446
5427
7026
7473
9318
3562
8298
6714
4818
6928
6602
3755
7655
8618
5904
7754
3575
1665
8363
597
7357
3072
9145
6782
6578
2425
5225
1893
786
7440
5554
6180
7392
7941
3865
8143
5745
911
5692
2599
3183
9705
5889
5660
2543
1349
5179
3446
7278
5495
1080
7166
731
4435
15
1281
9405
6784
7496
413
9184
5017
3531
8615
4885
8340
8625
6446
1705
1929
6311
8439
2855
4661
4548
9053
3299
9896
2324
517
8195
7404
2598
6654
7065
2389
9151
3426
8565
3709
6530
9482
4780
4827
5059
5692
6010
4447
99
7388
3321
8488
4130
2495
4049
1657
7881
4467
6404
772
8602
5879
8084
5136
5046
2128
1650
8043
5625
2765
1927
6616
1819
5247
2236
4024
172
6306
2875
1772
8492
7820
6208
2239
6405
1732
7383
3027
3174
5967
6855
3375
8928
2423
4561
3716
6650
6028
3739
4989
2555
2264
7221
6285
8397
8678
9913
3566
8800
2800
7407
938
1158
3977
3758
8750
4644
4352
1504
8834
6543
1336
7157
5161
7920
1953
8460
648
3728
7830
6302
9829
576
2780
1516
6087
2961
8226
23
1342
9266
443
4736
6289
4697
578
301
1390
1607
4399
1856
4247
1112
2946
1412
9340
8202
1870
5007
3478
7151
2653
6508
8864
1408
9715
8078
941
8001
9770
9458
37
4444
7279
1281
3931
4067
4950
9271
4960
6317
210
3025
3644
8094
9204
4245
4926
1351
452
3239
6496
6292
560
1335
1330
2775
6132
581
6416
3045
9831
2657
1648
7859
7552
6000
892
1802
9585
4743
2463
933
9854
9585
8744
5425
5617
8069
3328
6362
3120
601
7396
4673
7517
4800
1451
5238
3083
2340
360
4076
1079
297
9810
6051
3818
5593
2517
829
5963
960
111
3121
6797
5203
6050
6046
1014
651
9456
2074
2365
7902
9991
7552
4436
7000
697
1873
4389
5510
9839
7498
6084
1979
6751
3555
6247
8653
5460
4499
9860
3169
2691
7208
1249
6719
6769
339
2441
7809
1493
817
5117
4581
5243
2518
9631
3016
7759
984
4169
2132
1294
7484
4191
7710
3063
7494
2263
349
168
3629
3816
5059
6830
8282
4121
8265
2288
6348
2894
4676
1628
9542
6646
7818
790
806
6550
9550
2760
8262
3771
7495
8055
484
7904
3261
3746
719
1676
6565
9896
9751
5880
6758
9713
3361
5139
9922
4800
6546
1653
8633
9100
8541
3607
7892
9386
9302
9817
5194
8106
3196
9587
2025
7933
8490
6683
1255
5173
6848
3890
9175
8573
9352
3259
9648
2289
7151
9217
1262
5957
3655
467
595
705
9569
8960
3497
6188
6010
7459
471
6631
6485
3917
6094
9199
9123
2074
6607
603
9546
608
2205
1000
421
5974
4041
1455
6192
9334
9454
4178
4557
8931
3514
7261
3544
7049
3351
4998
3732
1537
8558
1098
2142
3885
5656
969
2442
4627
3205
3314
3779
7426
41
1445
8671
3560
8865
6934
1111
7140
1419
5160
1774
9813
6445
9783
4648
1492
5221
4604
4834
1025
1764
290
4295
9178
7461
8879
7518
3124
2649
3274
3210
2722
3055
9696
3889
1286
7481
6493
9957
5757
2172
4274
6286
2160
1141
6914
1584
2440
1920
5698
1194
4697
4635
1291
4019
3174
2008
8684
8451
5355
1481
217
3268
7134
6424
626
2354
2321
904
5825
2333
2458
550
5816
4677
8817
3815
3313
21
8224
2172
6460
9925
8506
8951
2977
5498
1772
5728
2548
9542
7118
8667
819
4654
970
2409
6875
3625
7750
3493
8979
4158
285
9504
3585
9161
9594
5815
7893
7423
691
3785
3096
5958
2759
8502
4811
7672
639
1510
7058
4600
1769
1602
4570
5545
3307
3462
4920
8372
985
6271
1527
6001
8866
8793
1356
1201
8555
678
3912
3199
7602
5944
3225
8769
8734
3243
617
4398
6352
284
1430
482
4278
4323
1153
3334
9621
737
9135
8339
9773
8851
3680
