123
985
73
254
438
856
424
925
182
421
101
693
233
137
810
991
209
906
207
318
220
533
104
887
480
789
780
902
459
332
823
75
576
334
753
497
759
456
350
29
873
997
922
751
827
932
704
806
319
626
310
649
138
832
828
745
453
539
965
644
878
745
820
291
665
313
295
911
474
953
394
270
750
499
205
627
995
261
503
962
237
806
749
838
209
34
997
448
505
330
399
898
546
396
1000
986
82
185
433
838
490
665
250
896
234
832
111
989
753
353
343
378
456
494
896
244
938
665
643
38
181
644
865
38
253
584
310
941
53
163
480
510
764
954
456
875
11
669
14
731
117
622
989
492
372
546
349
616
818
605
470
734
930
697
365
618
302
931
353
504
123
789
641
263
488
856
639
82
532
562
255
838
448
560
56
43
979
63
214
644
469
945
697
1000
616
745
814
149
949
461
841
873
527
954
376
28
90
423
780
314
170
904
805
639
846
219
555
608
538
250
660
868
396
534
339
717
280
219
470
653
497
478
927
706
386
887
996
738
955
573
605
737
693
655
28
567
268
159
436
908
259
868
782
329
39
565
494
163
373
638
218
738
584
609
440
963
55
848
125
628
285
260
137
725
760
389
431
902
859
144
967
90
736
748
35
648
753
997
428
551
287
101
335
737
642
837
129
451
459
238
650
625
83
618
204
327
451
157
506
778
70
539
304
580
972
512
294
144
443
705
957
32
676
69
270
707
132
245
33
903
353
44
628
124
48
369
809
893
279
881
834
458
748
387
740
543
861
862
330
881
516
631
488
640
627
941
725
88
998
663
828
239
325
954
287
190
658
596
285
58
339
81
615
833
79
288
776
33
656
920
450
480
820
235
21
25
464
661
342
647
186
471
341
404
401
238
244
199
470
793
690
919
340
646
119
754
647
651
464
601
209
746
493
287
87
366
35
385
696
623
216
158
586
466
805
777
889
752
106
782
125
381
361
88
391
713
625
428
989
317
26
521
165
302
891
273
618
781
93
967
897
485
840
137
789
154
56
70
833
16
821
419
338
433
214
66
51
478
567
518
779
189
69
360
992
800
803
85
41
493
980
935
858
58
910
480
667
590
610
850
158
421
296
639
623
855
996
529
381
982
408
865
183
75
749
141
609
471
814
24
407
480
611
374
417
868
400
829
667
904
218
200
376
854
884
11
474
281
509
893
493
819
830
586
920
993
561
306
222
551
141
688
109
184
232
598
827
849
874
983
950
801
849
880
574
545
323
318
61
333
338
567
263
26
453
373
103
66
99
697
835
677
635
171
617
509
790
301
404
94
913
833
902
499
392
478
248
252
690
593
178
496
897
179
481
763
997
370
202
554
178
840
294
448
344
58
846
514
80
475
113
593
137
436
921
132
552
277
272
350
497
544
245
564
477
848
374
682
424
454
104
972
220
984
31
196
490
523
430
486
170
11
100
512
109
19
969
506
332
207
207
26
607
504
617
976
263
128
830
917
832
995
106
151
836
681
218
994
298
350
276
238
973
547
413
528
389
871
720
216
848
607
125
702
373
619
32
673
845
387
70
336
923
562
382
51
801
768
316
548
784
172
309
696
395
716
641
472
968
592
218
728
785
755
936
560
166
21
326
851
793
263
544
97
612
985
613
344
367
238
772
75
486
948
364
788
872
987
169
633
685
608
588
609
666
609
469
166
74
647
454
791
222
365
729
753
95
331
493
489
50
898
334
306
774
832
543
352
873
949
146
639
168
401
490
389
453
163
272
946
621
84
599
855
324
315
637
137
826
262
231
648
514
743
777
241
354
783
359
657
970
705
295
319
36
352
272
357
671
574
95
470
510
193
248
843
538
270
200
392
85
864
829
445
370
308
476
834
792
107
49
297
254
894
51
58
351
669
810
155
72
623
521
954
232
66
234
240
431
502
861
23
460
591
207
877
187
771
609
787
146
993
85
180
855
545
937
46
747
493
388
568
876
705
83
600
367
198
731
379
411
383
916
281
68
708
217
653
325
972
612
134
198
543
204
651
608
740
464
180
598
41
802
307
478
174
40
767
158
661
714
541
88
588
813
675
353
821
464
240
520
711
818
574
500
252
227
915
32
834
336
754
98
100
529
163
89
514
401
946
46
503
11
657
574
131
793
434
98
708
139
555
832
894
158
260
212
425
861
968
336
188
497
89
733
429
412
468
816
711
410
258
290
198
890
487
304
697
897
381
931
546
132
312
935
581
35
184
918
109
354
359
914
57
428
306
484
622
245
453
779
644
944
564
146
692
941
212
51
283
