50 50 5
10 14 6 14 7 2 12 18 15 2 18 1 11 5 11 8 10 12 6 15 8 18 10 7 5 8 16 4 18 6 17 6 9 4 3 17 9 2 2 17 18 15 11 5 15 8 19 19 15 13 
1 16 20 2 13 11 5 19 18 2 2 2 3 6 13 13 13 12 14 12 14 1 10 5 16 20 4 20 1 14 15 12 8 3 3 2 5 20 5 1 2 4 7 1 14 11 7 17 7 11 
3 3 8 5 16 17 10 8 7 7 4 10 11 3 15 17 7 6 11 1 5 15 2 14 11 2 18 20 12 4 10 2 17 6 16 2 8 17 11 15 8 6 9 14 3 4 17 13 20 18 
19 3 1 14 7 20 18 10 3 6 4 5 13 19 2 5 4 13 17 12 19 15 11 3 8 10 9 12 1 12 11 6 19 16 9 11 2 19 4 12 6 17 9 10 18 13 6 9 7 15 
13 4 1 5 18 20 20 18 19 6 15 17 11 2 5 12 1 6 17 13 16 8 15 1 12 4 3 20 10 20 5 19 3 3 12 3 1 17 15 12 20 5 2 6 8 3 3 4 9 8 
8 7 2 17 19 14 8 13 19 2 2 15 8 6 20 18 8 20 14 6 5 18 14 9 11 2 18 10 12 11 9 15 13 1 19 5 6 1 10 5 15 17 19 1 3 10 5 16 9 12 
1 14 6 16 8 6 4 12 6 15 2 8 12 6 2 10 15 17 8 18 9 3 17 4 3 3 6 4 5 8 5 5 13 7 9 6 5 9 9 18 11 20 17 14 18 6 9 17 3 14 
19 2 2 18 14 1 11 8 12 9 9 10 10 18 3 2 16 12 16 14 1 6 6 2 11 6 17 11 11 14 15 2 18 1 15 15 16 5 7 14 4 1 2 16 19 13 4 18 7 17 
9 8 8 7 5 6 9 13 16 12 20 4 5 16 17 5 7 18 15 19 9 5 9 11 1 5 4 4 15 13 11 4 11 15 20 5 6 3 15 14 3 16 1 3 20 20 1 20 20 18 
10 3 19 16 13 11 11 14 10 18 7 7 6 16 3 8 5 16 1 13 16 9 11 15 15 18 11 1 18 17 10 14 13 2 6 4 8 5 15 11 5 9 13 14 18 16 17 19 13 5 
9 13 11 11 9 4 10 17 18 6 5 15 5 3 4 3 4 16 2 11 6 19 3 7 3 2 14 18 6 19 14 18 3 12 14 6 9 4 4 15 1 18 11 18 2 16 9 16 16 2 
1 6 7 14 14 9 10 6 3 11 19 13 15 6 8 2 4 10 18 16 17 18 17 10 11 8 12 20 17 9 20 13 3 8 3 4 3 17 9 6 18 17 2 17 15 17 11 9 16 12 
12 3 13 11 12 12 16 9 19 16 2 2 10 11 19 16 20 5 10 6 15 8 20 2 3 11 12 11 13 11 14 12 9 12 12 19 10 16 7 9 19 19 7 18 18 14 2 4 19 11 
1 16 3 5 5 16 8 4 5 19 4 15 3 4 11 16 15 8 10 4 18 12 4 10 8 20 4 2 2 7 14 14 17 1 17 16 8 11 18 4 12 5 2 20 12 5 2 14 11 11 
7 19 6 7 4 8 12 9 19 6 8 13 16 11 3 1 20 12 6 17 18 18 6 14 9 7 12 12 9 1 7 6 17 3 6 7 19 10 20 16 17 16 19 9 17 13 14 3 20 19 
4 10 12 12 13 16 11 8 2 18 8 6 6 14 8 12 17 6 3 17 10 9 19 19 2 12 12 18 4 9 4 11 17 1 1 4 19 6 20 4 8 5 12 5 3 6 18 18 5 5 
16 7 18 20 18 18 17 1 9 1 1 16 14 20 2 18 7 4 11 4 6 3 1 6 19 4 20 1 16 4 6 6 4 16 12 12 20 10 9 14 16 9 5 14 18 19 17 19 17 5 
12 9 8 15 9 17 7 19 19 18 18 7 8 1 3 14 7 3 13 16 13 11 20 1 18 15 16 2 18 4 12 6 10 11 4 20 1 18 16 19 13 6 11 16 5 17 8 7 13 17 
2 19 14 13 11 10 9 3 13 1 14 6 6 17 20 12 14 17 10 16 18 7 13 4 14 20 1 4 9 15 17 18 6 12 16 6 14 11 3 2 15 15 9 12 17 18 13 9 14 17 
8 10 7 10 6 4 14 11 7 20 7 15 16 2 15 11 17 6 9 14 4 18 16 14 17 2 14 11 1 13 19 9 4 19 18 6 9 5 13 15 16 18 19 16 2 5 15 9 5 9 
15 11 15 14 2 1 5 8 7 18 20 19 1 20 14 3 1 3 16 17 4 16 9 14 4 13 19 16 13 10 18 18 20 16 4 19 11 12 3 9 9 18 18 7 13 5 6 2 19 16 
9 19 7 2 8 3 13 16 8 13 3 7 2 19 9 5 3 5 14 4 3 11 6 15 7 1 6 2 17 16 6 15 6 15 18 1 15 4 20 7 12 1 4 20 12 13 9 20 13 14 
20 2 18 20 13 20 18 20 12 19 16 2 15 8 16 4 6 14 6 6 11 10 1 13 15 6 15 8 4 10 1 8 1 16 10 1 1 5 12 11 9 1 10 5 1 4 14 19 4 19 
6 6 8 1 5 15 19 17 8 15 14 20 9 1 18 15 13 3 11 13 6 18 5 3 14 8 12 7 4 13 11 20 20 8 4 5 4 6 20 13 6 1 14 7 4 4 19 17 19 4 
12 6 7 13 7 18 13 12 15 11 7 18 2 16 5 4 7 11 3 17 18 16 8 6 3 14 14 19 10 15 11 16 11 4 15 17 20 18 1 3 19 10 8 16 17 19 19 3 8 19 
4 18 15 20 11 3 12 19 19 5 20 11 5 7 4 19 14 11 13 17 7 14 13 16 9 6 18 20 19 11 8 13 3 11 20 4 12 6 8 5 7 6 7 10 5 8 1 8 2 6 
6 4 12 4 5 14 1 6 3 11 1 17 1 13 1 5 15 11 3 3 13 5 9 4 16 6 13 4 15 17 2 7 6 15 4 10 3 7 14 14 5 18 6 3 6 12 3 2 13 2 
11 1 6 13 19 3 15 12 20 9 13 16 4 11 9 13 15 19 2 17 18 12 11 1 11 14 12 14 4 14 6 8 18 3 2 10 3 20 4 8 17 16 4 14 11 10 9 18 7 19 
20 1 16 8 7 3 2 14 9 7 3 17 12 5 4 16 7 1 3 2 11 6 19 8 6 2 16 15 8 13 11 8 3 9 1 17 19 1 4 13 14 20 2 13 15 11 7 3 17 9 
3 4 9 9 9 8 10 14 9 11 3 14 2 6 8 14 5 8 13 13 12 11 17 7 5 16 20 18 17 3 7 5 11 15 20 2 18 6 19 19 12 3 18 2 19 12 7 10 6 5 
16 3 5 8 12 10 8 2 11 6 13 8 12 9 1 13 7 3 17 8 17 9 7 15 1 3 4 2 18 4 9 11 9 7 6 8 10 11 8 17 13 11 3 3 10 20 16 18 18 11 
10 14 1 14 20 5 8 10 2 3 20 19 9 14 10 7 12 14 7 12 16 1 20 20 14 2 14 16 11 16 2 9 4 3 2 8 6 3 12 16 1 15 20 11 3 19 18 20 18 3 
11 12 13 9 4 3 16 3 5 8 17 9 6 1 8 16 17 17 17 20 17 3 18 19 9 19 9 11 15 11 11 17 2 10 2 8 6 18 14 7 10 10 14 6 9 2 3 9 13 10 
10 7 4 20 6 7 9 17 18 2 10 5 14 6 6 9 15 8 17 18 20 6 5 19 20 1 13 3 4 11 16 7 8 10 1 16 7 16 11 15 11 12 4 3 10 15 10 4 1 3 
1 5 20 3 15 16 16 18 6 17 13 20 12 7 19 18 4 11 9 6 15 15 8 2 18 4 10 20 17 15 10 18 6 14 3 20 14 11 13 19 4 10 11 14 4 2 2 19 9 6 
20 11 6 11 17 17 20 2 11 5 5 10 3 10 2 10 10 14 10 6 9 2 9 11 12 20 15 4 17 9 18 3 19 14 10 18 8 1 2 4 17 10 8 9 15 1 12 7 19 15 
12 16 7 1 8 12 13 7 20 19 15 19 2 20 6 7 16 17 15 8 7 18 15 4 3 2 4 1 11 11 19 19 8 7 17 11 12 15 16 17 1 11 16 14 17 19 9 4 14 3 
6 19 7 2 16 19 5 20 10 19 6 4 1 17 19 7 2 18 16 9 12 6 9 19 11 15 11 19 17 11 17 9 18 6 3 4 13 8 17 7 7 8 13 6 15 20 2 4 19 15 
12 15 4 3 2 7 16 12 18 18 17 16 20 12 14 14 18 5 7 4 11 10 2 14 5 1 14 16 8 8 19 12 7 13 5 20 14 15 6 17 7 5 4 7 1 3 4 15 18 5 
11 5 13 6 3 12 7 11 8 18 8 8 20 7 17 1 9 6 16 11 13 15 11 17 18 9 15 15 11 13 5 6 16 20 11 3 17 13 13 7 2 8 6 9 6 18 15 8 2 10 
2 13 18 13 7 11 2 1 20 14 4 2 16 10 16 8 6 14 5 8 19 17 3 5 14 7 7 10 16 6 11 20 7 3 2 12 17 13 11 14 17 17 16 5 19 10 18 1 4 11 
20 19 5 5 20 7 7 3 13 17 13 19 15 13 13 11 16 2 10 7 4 19 16 8 15 8 5 20 14 9 9 19 14 18 1 17 3 11 7 11 5 3 4 16 16 12 13 19 3 13 
10 7 17 1 14 11 1 4 2 2 6 3 4 8 1 10 2 10 4 11 4 7 9 16 8 6 3 15 12 7 20 5 9 6 9 11 9 12 4 20 11 2 11 18 8 1 7 20 11 2 
2 12 2 8 5 12 15 16 6 17 17 15 9 20 5 20 2 15 2 3 9 8 16 20 8 14 20 19 13 12 7 4 2 2 13 15 19 7 16 9 1 1 2 7 14 2 14 1 5 19 
16 8 3 17 19 14 17 12 2 7 18 4 18 5 10 17 9 17 20 20 5 1 9 8 1 9 2 18 20 14 5 8 8 14 17 17 7 15 3 10 16 17 5 4 17 9 9 8 11 7 
12 14 18 4 12 18 8 12 18 13 15 12 1 19 9 13 8 20 5 11 13 19 11 2 11 2 5 9 6 2 12 18 4 9 15 17 20 17 13 13 15 8 6 3 11 16 4 11 9 14 
18 10 3 6 4 8 9 18 7 13 17 10 13 3 19 7 15 1 2 10 12 6 6 1 11 17 19 3 4 8 12 19 19 5 15 7 7 8 1 8 2 8 5 11 18 19 8 7 16 18 
10 1 1 14 10 19 13 10 14 20 5 1 19 11 18 5 3 12 17 11 9 18 18 5 10 3 5 1 18 6 16 2 18 13 1 9 8 11 20 10 10 17 12 19 1 1 20 12 6 11 
20 3 17 2 10 16 20 7 10 8 9 5 6 1 14 18 16 13 1 17 8 5 3 12 17 8 13 1 8 18 8 10 8 18 15 16 8 10 19 3 11 10 3 14 2 5 17 11 6 7 
6 18 5 20 11 13 18 13 6 3 3 19 18 5 1 2 15 14 7 8 3 1 18 6 17 3 2 5 11 7 16 1 18 6 13 14 18 18 10 14 6 5 13 7 6 3 1 17 18 6 
