135
1000
1591
2547
715
9326
2858
3355
2573
6293
8162
4926
1923
8129
2796
9217
4472
3436
9086
2740
9627
7087
5729
6781
8008
4933
7692
9261
5874
6695
9579
53
4621
7542
6578
7981
4790
6280
8297
3117
8089
1871
4083
7598
9794
478
5264
4521
3623
9973
9738
8734
1004
6108
6892
5155
6533
5529
637
6111
5501
5864
8812
1669
7064
7246
3849
7359
4809
8494
7053
4127
3871
623
6862
459
5709
4889
6524
1708
3273
6845
439
8917
4014
5103
7116
240
565
6867
512
7462
6660
3284
2280
5904
7604
1477
3465
2193
1996
8187
4598
4589
7817
3246
9977
5865
9151
2641
9160
2622
1677
6830
1427
2669
6421
3305
3957
6824
1670
1934
7676
5867
5919
814
5510
4345
3754
5084
4019
242
6976
618
2820
1037
818
8272
173
7354
3915
8828
3794
1927
4237
6241
8751
9667
3041
7240
7730
3326
5764
3407
4104
3571
275
5026
2455
852
2105
2809
2347
3402
3403
8590
3171
1442
6095
5732
3377
6682
9566
6596
4026
3969
8718
9799
555
480
5021
2657
2153
4222
9553
8025
5156
6975
6116
7980
2650
1139
2105
3673
5069
4423
3731
1912
4025
2811
9778
4051
4418
1917
7606
7684
8461
4292
4878
971
9483
7283
8267
1654
2444
205
6083
6231
4822
977
3922
9840
782
8334
6765
3642
8060
1084
4590
802
5219
990
8751
2405
8580
8799
5625
176
1264
2284
7669
669
8860
1249
3247
1563
3565
6108
74
468
4705
571
397
870
1997
434
2902
1411
8098
6008
1797
3648
5022
1510
442
3176
4586
3436
215
6314
3259
9771
941
7000
5454
8603
2791
5855
972
2513
9209
4892
489
6724
1427
3031
170
7313
5799
2414
9539
4552
5975
28
2830
9260
7862
2408
7609
5346
5968
1495
710
6256
7791
8497
14
176
4656
9752
5208
2927
1445
6409
2739
5790
3656
4801
790
2559
6003
2898
3376
5929
2488
3739
1750
3202
7177
5765
290
7779
6356
9775
4179
4723
3092
8383
3237
9475
2408
3226
4341
6007
9049
227
5829
1529
9358
9445
1913
7691
5209
9036
8453
5528
8740
6534
4592
1659
1198
6964
5186
7482
7455
3324
7390
5337
8918
1133
1092
8569
4693
4991
5691
7367
3646
8138
9466
6432
5154
5745
9378
6002
1754
6512
8972
7213
1120
6697
7092
5991
8448
5074
9702
4654
1117
6451
5731
2946
1217
7316
692
3971
3467
7858
3374
4794
5343
2059
1356
4712
8807
5928
7543
3236
8736
1320
7415
869
5370
1861
6631
264
9222
882
6329
2842
7753
7948
5874
5538
8112
3851
6824
3515
2149
9690
9321
7072
6826
9633
7374
2016
2627
1709
2233
4209
2738
681
8395
1594
7123
5743
3853
930
5910
3067
5706
3335
6841
4314
6475
9810
3654
2863
5829
3928
9045
8485
9116
6189
9423
3747
1061
5905
7377
231
7815
6903
7212
2357
9890
7064
1765
815
3429
8027
7883
3968
748
9799
6630
1429
6283
8778
934
9334
1073
5750
4456
4112
6016
6306
2846
5960
5981
1602
4101
3069
1296
2333
728
5140
679
2202
915
5258
7882
7370
9771
5394
7781
2536
1722
194
9515
4101
8466
9120
6678
6676
6713
6475
4293
5
3933
236
968
9821
5486
7920
1372
8927
595
9616
7763
7294
656
6916
9546
8600
6779
7203
8465
1849
7451
5457
1579
2423
6465
1573
7146
9672
7853
8740
5430
6245
3473
9240
4880
913
3578
2191
9488
4229
3547
3020
8108
2296
5113
8639
8657
3815
2460
3031
3643
2176
852
6881
8181
3879
7416
2567
795
9418
8213
4069
8407
8147
2384
3762
6773
8360
4107
2594
6742
7351
9800
9442
8356
9968
8454
4884
6486
9135
1029
9309
9575
9603
2579
6978
3652
9288
2289
1421
7886
8767
3945
478
4008
9997
2157
1815
6798
8539
8540
9778
3086
127
9761
6358
372
5850
9216
2570
3421
8272
8093
8439
2251
1848
6379
716
2474
6879
3756
7303
6437
2763
4256
7521
4969
5483
4138
4382
6170
4954
6528
3227
4059
8711
6213
9170
4522
4767
4124
2724
7974
9813
4983
4411
4555
4463
2041
767
3659
2614
1365
9384
6465
3378
4930
9789
9560
8408
9143
5127
745
1153
4297
1497
8944
5210
9683
9123
343
5312
5720
121
219
607
8301
8773
7773
6250
5053
4477
9038
634
3664
6890
442
505
8857
8305
7126
415
987
7513
23
5334
5217
8495
481
9957
1293
2364
7283
4142
9486
9000
1236
6352
8485
4131
610
542
3338
8473
1941
177
9322
8175
4782
3421
19
4634
9495
4107
4775
2779
7216
5295
7481
2947
6635
7957
3652
2346
9418
7608
8019
7526
6756
3101
8243
4930
9283
8445
1222
8836
3588
9009
9275
982
6825
9857
5061
437
5441
9347
7596
990
4815
5736
148
8270
9270
2263
760
3637
4971
1224
5656
9450
1169
4763
2467
8350
1813
7320
4314
1507
8603
3259
244
9954
8724
2445
9658
1247
1566
8772
9147
6639
4405
6330
5072
5305
3512
7278
3813
6689
2976
1232
6685
6266
2351
3828
5567
1683
5120
7879
745
3943
5316
3742
5551
415
689
5291
551
849
663
4201
7928
3427
6447
3426
2428
985
729
3829
8611
8992
8341
7105
7705
8755
1295
9740
1548
3384
718
6727
6214
7149
2314
3335
820
573
1353
8002
7071
6731
6806
5826
3572
796
4472
6761
2779
548
6591
7271
7601
1022
8244
1088
896
5000
1130
9186
8157
3879
99
2182
8226
4878
998
8492
4382
6007
2605
2105
7144
6444
4804
8760
5104
6172
6960
6896
1746
5002
5200
1595
1176
1313
9369
1083
4175
9925
6507
6509
6957
1759
1991
2171
3270
8225
9705
4487
5792
249
8982
7269
4850
959
1357
2837
1326
5443
6108
3247
1741
1508
8548
4228
9485
410
8727
8533
6939
4883
9790
3251
3925
1784
329
7352
1216
8962
2295
6695
844
5357
4468
8831
2936
7223
8195
87
7686
7729
8877
3366
8034
3982
4944
5204
6665
3132
4735
4614
2266
32
1387
1041
8108
1877
