18230 1768 
1
1
7
21
10
51
28
12
16
56
2
6
9
2
9
2
3
12
61
3
8
35
2
7
1
2
29
1
61
8
17
5
25
10
1
3
16
67
8
34
1
6
29
7
6
17
29
1
47
3
25
4
1
64
7
3
53
96
18
5
2
22
20
2
3
37
25
88
1
3
12
5
2
2
3
1
1
35
1
8
7
21
3
25
29
5
3
37
1
34
6
16
4
2
20
6
28
14
2
16
67
32
1
16
22
5
2
77
27
5
3
2
88
3
73
8
8
80
7
73
12
64
61
4
53
73
1
1
9
42
5
9
19
7
11
20
21
18
1
6
2
4
1
29
13
4
17
2
2
2
70
35
2
3
1
1
53
26
29
29
5
2
8
61
1
31
8
13
22
4
39
42
70
1
39
3
44
2
31
14
4
73
58
4
61
14
4
7
5
10
37
80
61
4
1
1
51
2
28
42
44
1
8
51
6
2
49
2
7
47
2
26
80
2
7
6
3
2
96
8
7
1
2
2
10
47
70
19
92
37
6
20
8
73
31
3
10
1
67
37
28
3
1
11
4
2
1
31
53
21
29
26
2
4
6
39
56
3
5
13
2
3
2
18
9
12
3
1
7
2
58
3
3
3
26
3
1
21
51
7
47
2
35
5
1
21
9
2
13
80
5
3
23
5
16
11
1
6
1
35
44
96
5
23
35
11
8
88
15
2
35
3
6
70
28
96
8
41
14
39
1
2
8
8
42
19
12
58
16
3
2
19
16
1
16
49
51
2
12
12
3
9
13
7
2
2
51
32
19
16
1
3
42
3
26
25
12
56
56
2
84
14
5
6
1
2
17
4
5
58
2
5
3
1
16
15
14
1
4
21
37
39
3
1
2
58
44
5
6
61
4
88
3
7
14
19
2
2
6
1
12
12
7
32
8
29
1
35
21
2
2
9
16
3
5
2
5
5
3
2
4
3
73
8
14
2
2
51
9
80
9
7
20
3
2
3
5
10
13
6
56
1
22
3
35
47
5
1
1
6
4
35
61
4
28
4
16
96
2
4
17
2
4
27
20
28
42
6
2
2
41
44
41
56
3
4
16
22
21
31
41
2
39
1
20
23
10
6
10
51
20
6
5
4
35
27
29
84
17
1
1
96
70
80
16
9
88
1
1
8
22
70
5
7
9
10
5
3
1
84
3
8
53
3
8
7
10
11
2
11
12
18
1
17
29
42
3
47
9
2
27
9
5
1
2
29
1
61
41
4
5
10
61
20
47
14
2
23
11
2
96
8
67
11
67
1
53
27
25
20
4
11
34
64
3
28
2
41
1
27
6
16
28
44
2
1
29
7
37
2
23
10
5
4
2
4
14
44
2
2
53
5
3
2
84
44
28
96
7
2
9
5
17
39
37
6
28
2
5
53
4
8
73
12
84
41
3
9
29
88
2
4
21
73
49
1
7
14
53
5
5
31
1
22
22
5
61
12
11
35
13
9
9
4
42
7
7
20
3
2
17
3
3
8
77
3
21
23
77
31
92
2
3
92
12
14
8
3
53
16
67
22
77
80
7
22
39
6
2
8
19
32
6
25
29
1
10
14
28
9
26
3
15
35
39
6
3
10
28
3
84
2
37
16
3
77
5
4
1
4
7
4
13
10
2
3
37
12
3
10
2
58
11
6
61
26
2
2
2
1
7
4
20
58
9
10
84
37
8
39
29
3
13
8
1
7
20
2
21
14
16
27
3
3
2
1
18
7
25
13
53
2
2
92
49
2
17
22
1
17
4
96
2
8
32
58
5
1
4
9
1
96
10
16
7
26
1
7
28
6
53
13
2
61
70
15
1
14
16
80
42
92
1
1
4
17
19
41
9
4
31
13
2
3
10
53
20
11
14
2
1
3
77
19
31
27
67
3
11
2
42
34
9
5
20
1
77
8
4
41
1
3
73
8
20
4
9
51
6
1
73
12
96
9
56
17
1
7
4
14
25
8
4
4
9
92
2
31
14
8
67
2
3
34
1
49
3
10
88
7
3
1
41
9
3
4
34
1
9
1
1
11
2
31
2
19
84
18
92
21
3
28
4
77
2
32
5
3
7
1
5
12
8
53
4
19
19
42
2
3
3
2
3
12
7
6
1
9
20
7
58
18
11
4
3
12
37
51
4
9
73
11
16
8
21
9
1
4
8
9
1
2
12
39
8
2
8
28
11
32
28
56
16
88
2
29
1
2
22
37
51
35
10
16
3
25
9
44
58
73
4
29
1
2
7
29
2
28
51
1
1
1
5
14
32
1
73
17
4
70
8
77
17
20
18
3
20
73
12
32
21
18
49
15
8
92
49
7
13
7
20
4
4
18
26
39
8
70
51
2
34
53
12
80
9
6
2
6
13
3
1
2
2
2
6
8
3
31
2
34
3
11
1
53
4
2
21
92
77
47
35
29
1
5
92
41
2
58
2
1
53
9
53
5
5
10
2
2
3
3
14
25
39
2
80
3
41
22
23
5
27
2
8
27
7
5
1
42
2
14
5
5
20
1
61
34
20
25
11
35
1
10
29
23
3
1
73
96
7
31
1
7
3
34
5
29
1
2
77
1
7
4
1
23
61
3
1
29
2
3
16
2
2
64
4
3
6
31
9
5
7
2
7
6
14
73
2
56
27
2
29
10
32
10
5
27
8
1
39
1
1
3
41
3
2
61
3
4
9
2
5
4
23
16
16
5
61
22
2
84
2
2
1
1
8
2
5
20
12
16
35
5
80
9
5
3
4
3
3
22
22
42
7
15
42
8
44
2
61
1
44
34
77
44
53
49
2
35
32
1
12
17
32
53
5
96
5
3
4
7
1
23
8
8
4
5
32
8
3
1
3
2
32
12
35
1
7
2
16
9
1
10
8
2
2
1
1
13
3
42
2
16
58
10
80
2
4
10
12
12
2
32
13
31
41
5
51
3
2
5
16
3
18
39
6
13
3
4
4
3
3
3
3
6
56
20
4
3
14
19
25
61
15
1
6
3
77
26
5
34
3
47
8
61
3
70
92
2
2
7
67
1
3
4
4
58
13
2
56
2
1
16
20
9
20
25
17
15
7
2
16
11
73
12
1
7
32
4
2
77
21
3
2
2
28
21
26
4
32
10
26
37
47
2
25
16
3
96
3
11
4
6
22
92
39
6
2
20
4
53
2
3
96
70
10
53
8
9
31
88
96
5
44
67
7
44
23
31
49
8
3
32
1
20
20
3
11
2
6
5
14
1
92
61
6
8
39
64
25
47
2
28
3
4
11
84
14
34
14
88
26
5
42
51
19
6
3
5
4
3
5
4
2
7
7
80
5
73
12
88
1
37
1
1
4
10
10
35
2
22
25
34
16
6
19
3
3
2
3
1
3
8
18
8
10
53
20
49
53
14
17
19
3
16
80
67
4
41
14
2
53
8
3
16
12
14
25
23
35
2
28
3
22
11
29
14
2
16
11
7
51
21
64
13
1
1
12
92
8
27
73
7
14
2
2
41
3
1
67
70
2
80
1
23
49
6
84
26
53
6
34
25
4
2
4
3
11
21
12
9
1
26
3
1
3
4
20
12
6
73
5
2
23
15
3
64
16
3
26
22
2
44
2
1
77
3
2
7
51
73
4
14
9
7
58
8
27
1
8
12
31
7
4
73
1
18
1
26
61
5
17
4
80
56
6
3
15
2
2
1
2
3
25
8
20
35
21
3
26
41
3
16
39
2
70
22
11
2
1
5
3
7
11
9
5
88
16
16
1
22
53
12
58
7
5
10
28
53
4
3
84
31
1
2
2
1
10
39
77
27
25
6
2
39
35
34
27
3
2
23
2
1
3
1
73
20
26
6
41
7
80
20
67
35
5
9
7
7
4
4
9
42
21
5
88
9
7
2
20
16
39
11
29
16
2
64
11
88
2
12
4
2
96
11
32
1
9
5
8
4
5
4
64
44
3
5
6
64
1
9
3
18
28
3
18
8
70
4
22
8
80
7
4
35
96
5
44
2
