10840 1016 
4
11
18
28
2
14
1
2
6
64
5
15
2
7
47
20
6
3
8
3
1
39
14
11
23
4
6
70
3
32
1
1
7
2
29
35
3
5
2
3
4
2
61
96
2
96
51
5
7
9
84
96
47
1
2
11
80
2
1
42
2
2
67
18
58
3
2
1
25
1
6
1
1
3
77
51
61
14
7
25
8
1
11
32
39
1
3
5
88
3
44
2
4
5
1
2
3
4
2
49
44
47
20
5
2
67
73
16
2
3
18
6
23
5
5
2
17
2
47
51
1
47
1
9
3
3
34
26
3
39
17
18
9
15
53
17
6
2
22
56
2
19
3
27
16
8
9
73
96
53
12
2
8
3
47
92
39
2
2
49
2
3
6
5
20
96
64
2
9
31
35
8
9
80
34
6
18
5
58
39
34
44
26
5
3
12
2
3
32
56
44
3
1
47
28
51
3
56
1
16
12
6
9
3
2
2
16
9
9
8
5
8
4
4
1
5
12
1
1
2
41
23
5
16
67
14
5
20
3
64
2
31
3
4
3
6
5
8
3
2
70
27
31
4
11
5
64
35
34
7
5
2
39
77
39
51
1
53
5
10
29
80
3
14
4
18
2
1
1
22
80
2
39
70
2
2
77
1
2
12
22
15
58
44
15
84
77
5
10
7
5
10
2
32
7
88
9
2
96
58
2
61
29
2
8
3
6
56
32
25
64
92
35
37
47
2
1
7
96
5
22
53
11
18
4
8
92
1
10
3
18
34
1
3
6
35
49
39
6
5
14
1
14
39
10
6
28
4
70
3
64
1
2
20
3
4
6
2
34
92
3
5
6
12
1
2
77
14
7
1
4
4
1
20
35
17
4
28
2
77
28
21
2
3
4
14
15
6
92
1
6
29
1
6
2
3
23
1
28
5
8
2
64
53
80
18
1
12
56
16
1
20
92
44
3
16
3
2
3
10
13
12
15
5
20
14
3
20
14
14
70
4
1
34
11
14
32
3
4
23
14
1
11
6
1
31
32
3
2
9
84
12
39
3
42
58
14
12
3
6
6
5
84
4
22
31
20
3
4
23
47
1
56
12
73
10
1
3
4
67
42
1
11
1
16
6
9
35
80
18
1
3
1
58
4
3
2
3
26
4
2
12
64
8
20
84
21
3
4
5
56
5
3
4
14
5
51
58
26
4
4
56
3
22
22
18
84
96
3
29
6
39
10
1
42
4
2
1
8
19
28
3
9
19
32
20
96
29
4
77
5
3
11
7
1
3
4
3
34
1
96
21
1
14
70
1
53
3
9
4
3
37
8
1
14
1
6
18
70
1
18
3
22
4
6
2
4
2
1
16
1
67
4
7
20
1
3
70
26
22
37
39
3
1
28
13
32
8
49
88
44
20
4
29
7
34
96
25
2
29
39
37
3
58
4
4
9
1
8
11
44
9
67
3
3
47
88
20
14
47
8
49
3
1
35
5
17
14
1
58
1
11
32
88
58
96
16
6
31
7
1
26
1
5
2
5
29
1
9
14
37
5
2
5
4
77
12
2
2
73
23
67
1
13
8
4
27
77
5
3
3
16
64
2
34
28
47
67
58
7
17
14
2
8
2
27
7
7
21
73
8
8
3
41
29
2
20
8
56
49
19
39
22
3
5
2
8
88
13
14
2
19
4
25
5
2
44
17
8
29
61
4
4
8
41
39
5
2
7
17
1
6
1
1
35
42
61
53
2
70
4
8
53
2
44
44
2
14
9
17
5
1
1
2
80
5
11
3
7
12
44
5
13
77
10
28
16
3
70
10
3
80
10
11
9
9
7
2
16
92
18
39
18
39
4
1
6
64
2
7
4
20
8
14
2
70
56
67
15
2
3
77
19
88
6
6
12
9
22
10
67
5
19
8
67
1
28
32
21
9
5
23
2
10
3
14
10
77
7
12
15
10
16
10
32
23
2
20
6
64
9
61
3
16
11
88
1
1
20
1
3
2
3
2
32
12
41
2
34
47
56
16
1
2
64
7
28
2
23
3
58
1
5
34
96
8
8
12
92
3
12
10
4
5
5
9
3
10
32
3
56
1
58
14
1
61
47
2
25
2
3
61
5
7
3
2
32
10
2
4
2
4
2
12
4
6
4
26
41
8
2
3
5
9
5
56
2
41
28
2
17
5
47
56
88
19
2
53
2
3
26
34
6
8
2
16
47
5
3
20
15
2
4
3
77
1
12
51
2
4
77
80
34
1
23
28
8
4
14
20
3
8
12
16
31
6
44
67
5
31
1
49
12
1
11
9
1
15
73
73
2
4
35
49
3
31
