8047 1262 
3
39
10
14
80
15
2
3
53
26
2
42
61
61
51
39
6
53
88
27
49
80
1
28
1
4
31
1
44
26
34
8
9
4
49
3
73
41
41
11
41
6
2
2
2
32
1
3
5
16
1
1
19
53
11
4
28
35
12
20
49
2
6
2
73
20
5
18
1
20
53
14
1
8
64
8
39
80
14
4
4
9
27
3
25
28
39
18
32
12
9
2
4
2
23
28
1
1
2
10
8
7
3
26
29
7
96
3
80
1
10
35
3
3
6
5
5
2
9
3
51
26
53
10
2
26
4
61
34
2
8
39
34
2
47
53
4
1
10
3
29
16
21
26
1
27
84
1
35
5
5
49
12
88
19
29
12
26
12
1
2
2
7
35
16
26
1
2
7
11
1
5
21
3
9
3
1
2
8
8
29
4
2
7
44
17
3
39
8
2
5
15
9
8
2
20
2
61
2
5
27
51
16
3
3
1
2
5
10
6
25
6
3
2
4
47
88
1
77
92
8
3
21
4
2
9
56
3
1
47
1
2
1
2
29
58
23
51
2
42
8
67
4
1
7
80
5
5
2
4
21
2
77
2
61
10
2
4
1
37
2
84
4
20
4
13
4
2
6
7
2
2
49
2
13
12
64
16
64
3
2
11
1
31
2
64
3
77
3
3
25
7
35
5
23
9
18
20
32
51
19
2
92
31
2
13
5
44
14
5
16
15
6
49
20
17
70
12
9
7
5
6
73
2
27
31
5
9
8
2
67
3
49
1
16
84
11
4
15
17
14
6
6
51
19
2
1
73
28
1
12
2
2
5
10
3
3
49
1
7
3
51
6
9
8
5
29
5
3
22
2
18
80
53
47
92
96
1
10
16
28
7
32
5
12
44
2
10
12
5
27
23
3
2
7
27
92
64
7
4
6
22
23
1
92
70
2
4
11
11
3
2
5
7
25
41
2
1
73
17
3
3
41
61
84
7
5
39
9
2
96
2
21
3
3
1
28
26
6
17
26
41
92
1
2
12
5
49
9
16
16
88
88
41
2
2
53
37
1
14
14
5
47
6
11
2
11
2
3
19
2
6
19
5
67
7
3
37
42
7
1
11
5
53
11
1
2
53
2
2
3
73
18
41
1
6
88
15
10
67
1
3
20
47
11
3
5
20
58
22
56
2
88
20
11
1
1
88
56
10
1
20
1
2
8
2
35
44
4
12
8
22
4
64
6
53
56
10
5
4
23
9
88
7
3
2
80
88
4
96
6
96
27
1
51
6
2
12
6
5
8
11
6
5
3
3
41
1
3
20
2
10
18
14
42
16
22
17
58
5
3
39
11
4
2
8
84
4
1
1
28
5
2
96
53
2
2
19
3
1
4
58
28
20
41
53
6
2
2
3
26
11
20
1
2
20
96
2
2
35
3
11
1
3
70
51
7
19
27
20
10
1
7
53
1
4
1
56
9
4
1
44
2
37
4
3
22
1
44
3
2
1
9
7
35
37
53
9
28
80
8
31
7
12
34
21
2
37
1
51
14
2
17
53
25
7
7
3
70
28
2
5
41
9
9
10
15
92
2
3
8
15
2
11
53
5
6
13
1
20
1
61
1
84
21
1
6
16
28
5
5
17
14
96
35
2
73
73
1
4
2
2
23
37
7
88
84
2
96
5
1
56
3
4
20
4
5
49
44
7
2
92
3
29
58
47
1
2
31
35
7
8
10
31
14
77
3
3
13
23
2
4
16
5
5
9
6
4
5
10
28
2
2
18
2
2
56
80
61
15
80
41
5
3
84
14
5
9
26
25
1
2
4
2
5
39
6
58
7
6
8
29
41
3
1
4
5
56
14
9
1
3
5
84
29
4
88
6
7
34
2
61
15
20
8
17
41
88
4
6
27
92
12
10
2
3
96
2
2
20
3
10
67
3
18
42
35
5
7
1
44
1
9
19
4
13
2
2
42
8
10
5
14
3
32
2
26
49
47
11
4
56
3
31
12
18
92
5
1
17
47
9
14
3
13
27
10
67
3
15
1
49
4
29
2
51
67
28
9
12
2
73
9
61
31
77
39
31
2
20
14
39
2
3
16
1
41
4
19
1
15
39
19
3
8
8
16
9
16
25
27
3
51
9
10
61
96
22
10
17
67
32
44
14
1
4
27
1
2
2
1
16
2
8
80
4
4
3
9
4
5
5
2
6
77
4
73
20
25
26
1
2
42
1
2
47
88
1
3
2
29
11
5
9
20
2
2
7
12
3
16
34
3
3
3
16
16
7
17
26
5
1
6
7
2
67
37
1
5
2
5
3
96
4
14
47
84
25
32
44
2
11
2
10
2
3
70
16
34
11
3
13
8
11
42
22
2
73
5
28
5
2
2
7
51
5
34
64
20
8
18
67
21
37
15
42
77
58
4
49
96
2
4
39
58
37
37
9
10
61
25
1
5
1
10
1
8
25
20
32
10
1
84
5
64
4
58
21
77
96
28
3
18
11
28
2
47
4
12
1
15
4
7
32
29
16
14
18
4
15
5
3
3
13
5
88
3
80
61
14
64
2
11
10
2
8
7
44
4
5
2
2
2
15
2
3
16
3
16
4
31
3
6
5
19
9
1
1
2
31
67
58
6
84
2
9
34
67
15
4
2
32
4
70
7
3
2
20
6
2
6
1
5
15
44
20
31
2
53
25
8
5
21
13
8
4
37
3
7
26
8
25
18
5
2
96
73
8
77
8
6
5
25
1
6
64
12
39
2
11
28
16
1
58
47
51
2
34
9
2
7
61
3
22
25
22
6
1
9
44
26
4
3
7
4
2
19
19
2
12
31
92
1
64
92
51
20
29
10
4
64
2
84
42
1
9
2
1
5
26
11
11
