1000
82044000
41772449
43991081
74614677
82647769
78203788
30645795
97620862
56760426
27495996
78434568
59178637
84075662
54621367
68909828
79098362
23448471
50225700
81112736
45515391
83532553
26138496
18689076
77545637
63074647
22332756
98457686
67387478
14936620
45801170
42808074
80885432
74462068
24323518
63000120
84682691
69572781
75346325
79629308
52871421
53147030
30799087
69053695
56616953
12131398
84483695
83248355
54047179
90043184
29061664
49539694
25489130
29257600
49521612
35549785
81225932
99840803
46362597
20792629
91924082
47572291
89510145
79506388
14704309
69727029
44943044
28056952
30364276
65244805
17942598
74951609
73571852
73200687
99659400
82949084
27939015
48003799
83302340
64507112
71464166
95849010
19917445
26695989
14068910
85874837
19674583
70222601
60607193
67510225
82889865
40491249
87300840
65654169
68145009
74319076
72465119
69622267
51744442
60035232
50764290
70188824
89638034
42677081
44399730
99220747
13472885
97978380
93519006
38797263
55698627
16674593
61831116
90043953
76838690
17355685
97690515
42722885
79383205
85290647
31843282
20980536
73536109
66486178
60664360
18291990
86471808
89427651
41351447
91886830
86474951
34989183
85498180
22393702
42135937
72422189
32499842
48732037
89602073
47802050
17222970
34576789
24642506
16121088
45663787
13665621
85527904
68971293
43137350
80725964
27100231
56435576
77169463
98331712
11267582
96923456
65145479
26991139
42671608
76374590
14673342
64404838
63119576
54450022
94217307
23631848
44437030
49648605
28225071
72695903
73737328
61597102
14169534
39241084
41445366
37687583
39142016
87320365
40027034
77055477
37314386
21767914
16907209
63347948
49371682
75844811
76969259
98736395
12761118
52887876
61359635
32167612
11716791
59945902
66881550
94304299
86147942
65146487
22700488
29982725
60048828
98901026
86345038
53552253
39020557
29619965
86420104
73150404
31081239
40771539
32947304
85060641
82344189
21793859
11025042
61581985
84958657
77690234
64592539
10679290
27232203
53568582
53440477
28936964
77725907
44981038
22592448
13910561
58484136
47331117
56230166
10671994
43380066
42875959
16718887
19484063
52443168
40785845
32160991
60300530
64884804
69687942
22446306
41049420
59274251
34613558
91090698
87796469
84489975
32178653
34544888
62140430
35767076
65273684
22904931
24367080
36085233
20861637
92074282
74868984
97779975
78779814
54052451
35719369
60963037
44499031
58450869
93597775
43895986
25685377
86964233
49403316
80515493
41406345
76145919
60842819
76152600
18684190
85750638
91568630
56133521
18169981
29287074
57037410
47905759
88517251
98096429
50085176
88586603
96041359
13312066
22872272
45020293
37655384
45667029
28811185
94851753
12831906
18339970
93706157
96288021
66726065
80383382
85288852
82873774
29414307
74697622
15683023
43446469
16763128
69540734
92867673
20877788
20098168
31404096
93237318
92811163
54940512
99625811
45513018
15111865
68476150
99675791
83069976
63245294
36177614
86137559
68120709
97192204
93499345
33717326
64850727
85383474
63567407
46187721
60581009
74144661
86274098
18687658
38128775
30174172
10294404
43324346
71667938
89676281
12478043
89223058
48031234
46258931
32386196
81519383
24076928
70608889
12985423
42691329
41329279
25603400
50011999
67247786
23467730
66161931
89506929
75712535
57075505
66982453
77522248
25562393
22117397
38162671
86228876
35272834
52793379
97133497
47312845
31502747
39547759
95766227
40301544
47096451
71606602
37252504
75339531
93236472
78256391
19613191
37147717
35774830
24946314
49461006
63500328
39650622
30710509
19554067
49069285
76642530
70352256
56909205
43506681
80282557
92086239
32047609
12316801
61205814
60692231
14821700
73366904
33326558
89321728
45866617
46049997
11216765
92478572
26342329
39665014
29053950
60025715
78797747
40622081
84035379
30620005
61831453
90144116
63133120
57467814
97440039
25172178
16763381
55451883
28246311
70649093
17717925
98319442
56723762
11521106
55186876
19422433
91059272
94260406
13295081
76195451
91838030
18299218
34308558
26033132
51851655
90331270
89099015
87268252
25994733
31229871
81098604
72863811
91478950
86089769
25275356
19564665
22137873
31318810
75677705
49195518
52253888
50340020
33572745
86611025
32574475
91341825
86065446
96287995
67133092
52135587
80274581
20283600
97360820
45772956
35884956
87111102
91024126
75079360
25727488
20648267
37385670
64818095
82711782
53001340
76779670
25549665
48690366
72861996
44953836
22590112
59806444
53282899
96651144
48236175
32134679
78528627
86066623
81673567
76622179
21187157
20191038
36247069
85841562
26225308
67029942
99627536
87798508
26644045
75105682
37333363
10144449
34766725
33346978
17537744
54901348
97048694
73349378
61980325
54158203
42422127
69707719
67448969
55134175
73984412
49274664
67828608
70394905
26719118
76676612
95932074
56639319
25757806
28073669
79121132
88152368
86079901
54890917
26734661
45590212
25621267
62954702
45778243
59849872
31941875
37935578
99386067
48234582
67956949
45388470
16309046
26080195
46345205
81919750
56800993
72775410
78051336
65998059
45522164
49842866
31028437
63234899
41189905
72762294
78307967
50266730
20252162
70703424
52957814
16883915
69830972
14846426
68652982
87004406
99688832
61551399
15801332
30472719
22681723
74114451
57047207
91965337
93806809
65523305
97155549
26542716
15264220
63344412
30346684
20184099
67104940
31259006
43863554
39836636
81688830
90988391
87502567
80135095
88666381
57454216
66959055
33576541
74665711
91896432
81964873
68243139
99424069
66067559
10114255
90180697
11034538
36368034
44623065
89530701
40353995
14386093
23925508
63999010
54465630
87049688
21507066
41293309
81416885
38127889
36313431
41356870
90755457
64247329
49305094
48214822
39614384
13377983
44434437
73139016
68487175
28300223
40413916
55576988
70808939
56284726
26442661
51249252
55540040
33217345
60904135
53406681
49622288
21528793
17649785
51290360
17388788
51615876
21029642
34641987
33561360
47734435
47897500
98148842
50976623
92606100
19032930
10963456
95533307
70553099
62785104
32428016
42870326
28044489
96092429
71260028
10792003
31751794
72015468
82649763
34085594
57588745
20114489
14286058
99520010
47708901
27548598
72386682
12922873
84894987
47338116
77030065
48780798
13405219
49418224
56494771
65549089
43982380
99284386
83081254
20843510
23904279
65344101
55344813
31610717
77340233
94057396
11626955
54969039
68895836
69675119
92606489
93811435
68752238
79561722
37881763
47731434
84767963
46130756
81995899
52897948
45976875
22480136
80456398
13965610
23010275
19595973
14244829
84044757
68537448
18969835
98766486
56371202
71360190
81659927
16149451
40487577
56910764
44866515
24244138
12835312
42586875
15116571
10174301
63099740
47761133
34920906
21180233
30865916
48813939
44071931
33972799
23048196
90245982
88739832
52900288
49949890
98482966
71048414
72556175
26777087
41745358
59752431
65854703
60880436
61941101
51832142
82585186
54426359
12357166
26194971
58387653
91257873
91304107
15456414
48121545
92157930
93273465
55748080
81209550
25336354
47376222
43185060
46092986
76697087
78403422
14598127
58441975
48602624
10952498
63334649
58784722
38465445
10475536
76538657
53718991
39415963
77973691
81992108
96562265
84428665
59022144
71306091
50270386
41810958
77903570
29954386
69608429
73715305
54834869
31629188
41989205
20937972
81961575
42651516
31015902
31756988
80083309
25975696
35359483
67841807
20690161
61475796
88806391
77762160
15703405
47804778
92661810
68328235
24270599
89217120
77634155
76667714
76511328
93920208
62362963
35528641
66554540
47724830
40426034
90427054
97137168
31571162
85583270
84306882
29839543
54308248
46211812
70903427
23831315
84863482
79363198
98328103
15701886
73668336
14981721
60867743
56043280
77386572
86664769
73670599
25860535
80387317
21318578
70739286
70677459
73414623
86886096
56671915
93170494
65151441
93431268
41214632
14498287
97320140
50725291
83120424
32852694
62278560
17222939
82111569
36816710
59850398
15272227
78858144
86118852
21648463
37348203
52674774
30210041
66677433
78975330
57171734
56115038
80446880
83918262
20305629
19610926
87558332
12612063
31740015
47426862
40731542
63722804
86338270
87421584
70613900
93976320
57944912
61981093
77622043
14061178
46079666
32868743
51993031
41330727
12547879
23711228
76427705
75979529
33200803
40685597
80577350
58775209
11967486
98850116
70218826
76727510
22134329
50522141
89228947
76304062
29338135
55556542
35955388
74664344
16410298
47063869
16677428
72879145
11421879
67191270
44722318
89109780
13962922
28313387
52991392
90617001
36361463
62452889
56803876
93685605
76472938
61361610
46586486
67093465
22881912
41058442
82659580
49710117
45540516
95388231
44064764
80621813
33914128
81182858
25527433
45298337
86058527
63513366
53598860
75415611
12805746
62022547
69414090
21476595
42079713
58253388
98401641
98985231
49759514
27969477
59389832
96761652
75882408
15521593
17819786
70863393
77366180
50669745
43247505
86116000
24477638
40343372
71723266
87908717
75876012
70700705
76991662
21986267
93492222
99763144
97167393
46663794
55339350
70670943
62286908
43819488
