150300  500
4975  5118
70217  70546
135838  136271
90550  90879
82614  83109
10837  11081
110150  110298
145822  145930
127851  127961
93000  93247
88663  88815
149373  149798
140238  140550
89908  90108
40923  41395
136562  136885
83638  83895
60255  60580
83895  84257
139551  139931
144696  144959
147218  147615
29758  30059
133832  134088
15821  16292
106636  106906
146414  146704
89203  89639
59603  59995
63768  64123
100772  101044
61279  61761
42192  42446
19816  20041
88437  88663
115201  115601
57154  57618
96133  96293
42813  43198
103505  103979
37093  37430
55159  55513
34485  34927
4343  4843
74775  74900
72368  72746
114455  114920
125000  125166
95501  95750
72746  73105
18668  19017
84705  84981
119353  119712
12018  12427
108714  108947
89639  89908
35429  35543
21018  21443
48544  48979
54936  55159
149798  149958
141877  142227
136885  137049
7968  8428
50004  50327
9381  9530
62461  62749
88815  89203
101514  101992
43198  43646
52160  52324
42076  42192
62159  62461
43969  44371
60680  60789
116729  117024
125166  125578
120733  120955
128934  129241
122365  122739
65097  65300
41395  41763
130904  131016
64123  64363
117499  117740
129241  129359
117851  118273
35053  35429
20499  20675
63309  63768
17818  18226
22494  22651
68553  68874
90879  91203
44371  44523
56013  56259
23294  23706
131349  131667
107434  107820
16292  16652
32284  32632
145930  146054
80469  80928
138609  138844
84981  85270
45750  45853
78879  79348
105682  106043
49565  50004
70546  70661
27796  28200
18226  18508
109594  109712
142227  142705
148334  148689
46723  46997
102292  102675
45485  45750
22081  22449
99848  100190
99430  99848
87456  87834
131  624
57810  58093
13821  14237
66247  66494
122861  123175
6062  6200
126304  126764
124138  124618
28571  29047
45138  45485
135491  135733
26560  26906
70661  70855
86511  86666
111744  112158
92220  92616
82110  82383
107820  108152
45002  45138
94280  94396
0  131
67585  67995
148689  149143
93880  94280
130313  130507
139413  139551
47158  47282
117024  117499
108451  108556
103979  104118
33080  33439
129917  130222
39360  39660
20041  20499
48979  49157
4125  4343
139931  140238
99296  99430
65506  65626
118771  118969
41763  42076
25760  26036
115601  116099
74087  74355
144203  144696
46997  47158
127256  127478
81736  82110
129681  129917
47842  48295
5831  6062
149143  149373
32632  33080
76843  77003
92752  93000
142923  143234
106906  107232
40505  40923
80361  80469
22815  23294
73921  74087
36191  36365
1783  1896
104472  104762
59995  60255
78527  78879
98538  98884
27324  27796
138488  138609
113065  113540
112158  112486
97531  97704
64472  64793
86666  86780
128339  128798
64793  64947
94876  95083
8721  8937
121927  122075
101044  101514
9530  9766
69792  70217
124618  125000
94513  94876
60580  60680
141046  141396
106043  106182
121737  121927
68874  69321
138844  139255
91203  91424
62749  62981
5118  5321
141396  141877
14346  14759
131016  131199
73516  73921
53797  54206
74900  75357
137137  137269
97197  97531
57040  57154
56839  57040
137269  137622
103136  103505
75795  76123
145458  145744
127478  127851
11916  12018
36658  36769
133446  133832
39842  40135
17111  17350
24787  25054
109200  109425
39660  39842
104118  104472
24145  24465
79348  79501
71365  71515
66070  66247
4843  4975
35990  36191
76223  76442
71061  71365
130507  130904
138108  138488
93436  93880
11081  11530
52445  52941
6829  7272
11789  11916
98116  98538
7272  7567
108556  108714
47635  47842
113540  113976
19214  19713
38567  38745
15141  15619
121461  121737
66743  67209
116099  116440
21865  22081
81390  81736
12766  13261
104762  104905
25272  25707
26321  26560
58155  58652
14759  15016
132441  132884
107232  107434
2204  2589
40135  40505
69466  69792
5321  5589
133176  133446
117740  117851
73105  73392
52324  52445
64363  64472
50533  50718
43844  43969
122739  122847
118545  118771
60789  61279
15619  15821
62981  63309
90174  90550
127961  128339
100190  100558
142705  142923
3057  3220
37834  38050
79991  80361
3683  3879
43646  43844
39246  39360
125837  126304
136271  136562
109425  109594
85452  85701
95750  96133
29047  29296
37694  37834
106182  106636
30059  30503
36769  37059
123175  123519
54494  54664
31792  32284
38310  38567
19017  19214
144959  145271
131199  131349
147615  147889
5589  5831
131667  131842
149958  150128
79501  79797
67453  67585
51712  52160
135052  135491
123903  124138
30952  31420
65626  66070
24465  24675
102675  103136
13261  13502
78198  78527
3220  3683
20675  21018
86988  87456
51445  51712
145305  145458
6200  6697
76442  76843
146847  147218
1450  1783
91424  91785
71883  72368
57618  57810
116440  116729
21443  21865
16652  17111
112486  112691
978  1329
134579  135052
33785  34103
135733  135838
100558  100772
77716  78198
83109  83299
30503  30952
148011  148334
86780  86988
10259  10359
33439  33785
110298  110399
2589  2921
54664  54910
146704  146847
17350  17818
27019  27324
8428  8721
51261  51445
126764  127256
128798  128934
38992  39246
70855  71061
122222  122365
59432  59603
129359  129681
1329  1450
18508  18668
121182  121461
101992  102292
110886  111385
10051  10259
123519  123903
50327  50533
34927  35053
56259  56511
15016  15141
95083  95501
118969  119353
96605  96912
137622  138108
75357  75493
91785  92220
7567  7968
45853  46215
50718  51134
110463  110886
120012  120256
86149  86511
23706  24145
120955  121182
2921  3057
14237  14346
96293  96605
73392  73516
87834  87980
81125  81390
150128  150248
8937  9381
93247  93436
75493  75795
131842  132207
87980  88437
119712  120012
77003  77222
67995  68191
34103  34485
28200  28571
19713  19816
132884  133138
71597  71883
143730  144203
44523  45002
42446  42813
67209  67453
111385  111744
1954  2204
11530  11789
53422  53797
10359  10837
82383  82614
85270  85398
132207  132359
624  978
25054  25272
104905  105232
77244  77716
147889  148011
108152  108451
69321  69466
13502  13821
92616  92752
125578  125837
29375  29758
48295  48544
35543  35990
37430  37694
97704  98116
94396  94513
12427  12766
38745  38992
140550  141046
26036  26321
64947  65097
58940  59432
79797  79991
47282  47635
80928  81125
122075  122222
113976  114455
85701  86149
74355  74775
3879  4125
56511  56754
105232  105682
51134  51261
143234  143730
96912  97166
139255  139413
114992  115201
22651  22815
54328  54494
24675  24787
98884  99296
84257  84705
83299  83638
58652  58940
31420  31792
112691  113065
108947  109200
65300  65506
54206  54328
146054  146414
55513  56013
61761  62159
52941  53422
134088  134579
68191  68553
66494  66682
38050  38310
46215  46432
6697  6829
46432  46723
36365  36658
118325  118545
49157  49565
26906  27019
109712  110077
120256  120733
9766  10051
