1000
10 282
249 463
249 465
249 310
249 494
382 463
382 551
382 681
382 517
382 591
952 1149
952 1214
952 1117
952 1017
952 1208
952 1136
952 1172
952 1191
952 1156
952 1088
1152 1213
1152 1339
1152 1264
1152 1239
1152 1319
1152 1346
1152 1407
1152 1315
1152 1328
1152 1224
1152 1277
1152 1279
1152 1370
1152 1229
1152 1451
1152 1333
1152 1370
1477 1750
1477 1582
1477 1713
1477 1671
1477 1618
1477 1696
1477 1735
1477 1709
1477 1620
1477 1721
1477 1686
1477 1574
1601 1761
1601 1801
1601 1793
1601 1870
1601 1827
1601 1746
1601 1732
1777 2013
1777 2035
1986 2094
1986 2154
1986 2122
1986 2279
1986 2053
1986 2192
2293 2439
2293 2524
2449 2674
2449 2668
2973 3033
2973 3065
2973 3107
2973 3074
3187 3476
3187 3396
3187 3392
3187 3449
3187 3314
3187 3480
3187 3265
3187 3440
3187 3409
3187 3406
3187 3417
3187 3459
3187 3367
3681 3939
3681 3848
4027 4125
4027 4241
4027 4234
4027 4107
4027 4169
4346 4579
4653 4869
4653 4899
4653 4752
4653 4946
4940 5089
4940 5075
4940 5173
5151 5450
5151 5218
5151 5327
5151 5334
5151 5389
5151 5247
5151 5275
5151 5299
5329 5595
5329 5613
5329 5534
5329 5462
5329 5556
5329 5503
5923 6112
5923 6064
5923 6129
5923 6099
5923 6189
5923 6210
5923 5994
5923 6069
5923 6132
5923 6032
5923 6096
5923 6115
5923 6171
6355 6613
6876 7024
6978 7273
6978 7251
6978 7084
6978 7278
6978 7068
6978 7124
7192 7262
7192 7268
7192 7370
7610 7678
7943 8004
8169 8256
8169 8333
8169 8448
8169 8263
8169 8297
8660 8889
8660 8800
8660 8749
8660 8917
8660 8893
8660 8902
8794 9061
8794 8918
8794 8911
8794 8965
8794 9062
8794 8938
9263 9487
9263 9382
9263 9446
9263 9388
9263 9352
9263 9428
9263 9416
9263 9350
9263 9421
9263 9523
9263 9445
9263 9404
9263 9405
9263 9494
9263 9476
9263 9444
9263 9382
9509 9643
9509 9776
9700 9790
9700 9922
9700 9923
9700 9911
10111 10177
10111 10308
10111 10176
10111 10183
10111 10357
10585 10859
10585 10811
10585 10831
10794 11043
10794 10911
10794 11085
10794 10870
10794 11082
11182 11461
11182 11247
11182 11395
11352 11529
11732 11925
11732 11833
11732 11922
11968 12246
11968 12202
12119 12343
12119 12327
12119 12246
12119 12179
12119 12238
12470 12708
12470 12543
12470 12634
12470 12732
12707 12940
12707 12842
12707 12925
12707 12902
12707 12965
12707 12915
12707 12893
12707 12943
13144 13338
13268 13432
13268 13414
13268 13535
13574 13686
13574 13690
13574 13694
14166 14243
14166 14241
14499 14624
14499 14632
14499 14660
14499 14721
14499 14635
14499 14694
14499 14616
14499 14686
14499 14671
14499 14754
14499 14598
14499 14638
14499 14679
14499 14699
14611 14891
14902 15050
14902 14993
14902 15040
14902 15066
15343 15633
15343 15582
15343 15592
15343 15515
15343 15558
15790 16047
15790 16005
16103 16238
16103 16238
16103 16375
16579 16724
17003 17293
17219 17283
17219 17465
17219 17407
17219 17500
17219 17366
17219 17442
17219 17375
17219 17497
17219 17511
17219 17476
17663 17947
17663 17807
17663 17733
17663 17907
17663 17723
18102 18302
18613 18857
18613 18827
18613 18897
18613 18778
18613 18806
18613 18763
18613 18832
18613 18848
18613 18844
18613 18770
18789 18934
18789 19049
18789 18860
19039 19125
19039 19113
19401 19487
19401 19639
19401 19641
19882 19944
19882 20164
19882 20120
19882 20038
20188 20321
20188 20360
20188 20299
20188 20427
20188 20270
20188 20377
20188 20417
20188 20371
20188 20440
20188 20282
20656 20730
20656 20836
20656 20943
20656 20757
20656 20764
20910 21003
20910 21032
21275 21482
21275 21409
21275 21573
21275 21374
21275 21435
21275 21464
21616 21727
21616 21760
21616 21916
22202 22366
22202 22418
22202 22271
22480 22643
22480 22673
22480 22737
22480 22715
22480 22591
22480 22640
22480 22652
22480 22705
22480 22704
22480 22714
23004 23255
23004 23170
23004 23066
23004 23274
23004 23173
23004 23229
23004 23143
23581 23652
24093 24281
24093 24194
24093 24370
24093 24179
24093 24364
24093 24182
24093 24231
24461 24717
24691 24772
24691 24880
25234 25526
25234 25489
25234 25392
25399 25540
25399 25498
25399 25675
25705 25814
25705 25853
25705 25890
25705 25778
26114 26226
26114 26252
26114 26214
26114 26408
26114 26380
26114 26386
26114 26273
26114 26236
26114 26275
26114 26396
26114 26310
26114 26410
26114 26228
26392 26511
26604 26902
26604 26885
26604 26688
26604 26861
26604 26762
26604 26810
26604 26790
26989 27194
26989 27236
26989 27206
26989 27273
27160 27325
27160 27330
27160 27329
27160 27429
27160 27299
27160 27387
27160 27256
27160 27283
27160 27381
27160 27460
27160 27451
27160 27405
27160 27341
27160 27421
27318 27462
27318 27474
27318 27508
27318 27450
27318 27504
27318 27586
27318 27611
27318 27526
27318 27477
27318 27537
27318 27563
27318 27604
27855 28029
27855 28098
27855 27969
28452 28684
28618 28813
28618 28725
28618 28742
28618 28754
28618 28777
28618 28907
28618 28846
28618 28727
28618 28879
29186 29348
29186 29478
29186 29436
29186 29337
29186 29375
29186 29305
29186 29441
29186 29285
29186 29444
29186 29374
29186 29355
29186 29394
29445 29725
29445 29655
29445 29730
29445 29685
29554 29790
29554 29847
29853 30060
29853 29935
29853 30092
29853 30026
29853 30118
29853 30144
30445 30730
30445 30562
30445 30700
30445 30695
30445 30511
30445 30723
30445 30735
30445 30559
30445 30608
30921 31091
30921 31115
31080 31277
31080 31235
31080 31234
31080 31263
31080 31184
31080 31143
31080 31246
31080 31351
31474 31734
31474 31626
31967 32112
31967 32190
31967 32193
31967 32086
32363 32576
32363 32463
32363 32503
32363 32453
32363 32557
32363 32449
32610 32808
32610 32776
32610 32695
32610 32841
32610 32816
32610 32677
32610 32853
32610 32817
32610 32895
32610 32729
32610 32855
33011 33283
33206 33462
33206 33273
33206 33458
33621 33718
33621 33745
33621 33686
33621 33819
33621 33740
33732 33882
33732 33994
33732 33842
33732 33974
34247 34377
34247 34443
34247 34357
34457 34568
34457 34711
34837 34899
34837 35083
35290 35535
35290 35563
35290 35373
35290 35580
35616 35878
35616 35743
35956 36135
36493 36684
36493 36631
36814 37076
37230 37360
37230 37458
37230 37450
37230 37468
37230 37437
37230 37427
37230 37344
37230 37386
37230 37463
37230 37328
37230 37321
37230 37495
37230 37320
37230 37349
37230 37450
37485 37558
37642 37736
37642 37875
37642 37918
37642 37930
37642 37778
37642 37710
37642 37775
37642 37868
37642 37829
37642 37862
38009 38189
38009 38128
38009 38109
38221 38314
38575 38785
38575 38706
38575 38725
38575 38672
38705 38794
38829 39049
38829 38893
39315 39539
39315 39528
39315 39507
39315 39594
39670 39964
39670 39945
39670 39911
40225 40341
40225 40370
40225 40295
40349 40579
40349 40538
40349 40477
40349 40444
40807 40982
40807 41051
40807 41062
40807 41070
40807 41104
40807 41063
40807 40915
40807 40932
40807 40941
40807 40871
40807 40998
40807 40958
40807 40925
40807 41039
40807 41035
40807 41025
41100 41192
41100 41198
41100 41363
41100 41372
41100 41187
41209 41394
41553 41823
41553 41627
41553 41829
41553 41718
41553 41657
41553 41790
41553 41756
41553 41622
42038 42263
42038 42122
42437 42715
42817 42894
43049 43197
43049 43225
43049 43268
43049 43202
43049 43209
43049 43317
43049 43210
43049 43175
43049 43178
43049 43195
43260 43445
43260 43321
43260 43537
43260 43385
43260 43500
43260 43545
43260 43405
43260 43537
43260 43444
43577 43846
43577 43734
43577 43722
43577 43729
43577 43647
43930 44023
44495 44652
44495 44685
44495 44653
44495 44708
44495 44631
44976 45178
45217 45351
45217 45283
45217 45495
45217 45287
45217 45404
45217 45291
45511 45756
45511 45592
45511 45634
45511 45572
45511 45702
45511 45628
45511 45787
45511 45623
45511 45600
46046 46154
46046 46191
46183 46273
46183 46315
46183 46462
46183 46476
46183 46281
46183 46404
46183 46457
46183 46447
46493 46589
46493 46690
46493 46677
46493 46776
46493 46740
46850 47057
46850 47053
46850 46931
46850 46972
46850 46911
46850 46972
46850 46997
46850 46930
46850 47082
46850 47071
46850 46946
46850 47054
46850 47099
46850 47107
46850 46942
46850 47139
46850 47017
46850 47069
46850 47016
46993 47224
46993 47087
46993 47170
46993 47164
46993 47087
46993 47279
46993 47225
46993 47151
47236 47380
47236 47509
47236 47430
47236 47393
47236 47499
47408 47570
47408 47566
47583 47709
47583 47727
47583 47667
47583 47656
47583 47808
47851 48087
48046 48176
48046 48317
48046 48122
48046 48335
48046 48144
48046 48126
48046 48286
48046 48307
48046 48287
48046 48200
48502 48716
48502 48655
48502 48725
48882 49070
49277 49457
49277 49542
49277 49430
49277 49504
49419 49716
49771 49847
50303 50587
50303 50479
50303 50471
50303 50404
50303 50466
50303 50450
50534 50650
50534 50712
50534 50697
50534 50825
50832 50911
50832 50946
50832 51068
50832 51017
51270 51361
51466 51691
51466 51635
51466 51757
51702 51869
51702 51763
51924 52046
51924 52131
51924 52193
52136 52261
52136 52293
52136 52297
52136 52305
52136 52427
52136 52336
52303 52517
52303 52510
52303 52371
52765 52871
52765 52997
52765 52974
52765 52975
52969 53060
52969 53132
52969 53115
52969 53246
52969 53099
52969 53196
52969 53229
52969 53034
52969 53160
53531 53814
53856 54019
53856 54013
53856 53928
53856 54071
53856 53978
53856 53949
54426 54591
54426 54585
54426 54584
54426 54595
54541 54674
54541 54684
54541 54622
55112 55197
55112 55229
55112 55397
55112 55210
55112 55188
55112 55357
55112 55235
55112 55343
55112 55376
55112 55410
55112 55221
55112 55228
55112 55305
55112 55193
55112 55290
55112 55348
55112 55326
55601 55776
55601 55876
55601 55857
55601 55885
55601 55797
55601 55881
55731 55998
55731 55896
55839 55990
55839 55969
55839 56005
56068 56267
56068 56273
56068 56131
56364 56640
56364 56476
56364 56530
56364 56661
56364 56509
56364 56649
56364 56505
56364 56515
56364 56430
56364 56438
56364 56655
56490 56628
56490 56650
56490 56753
56490 56570
56490 56742
56490 56680
56490 56636
56992 57232
56992 57272
56992 57159
57385 57672
57698 57994
57698 57775
57698 57831
57698 57815
57698 57782
57698 57783
57698 57783
57698 57867
57698 57935
57826 57971
57826 58120
57826 58027
57928 58097
57928 58086
57928 58016
58162 58444
58301 58366
58301 58400
58301 58499
58301 58492
58301 58396
58301 58485
58301 58546
58301 58568
58301 58394
58301 58543
58301 58597
58301 58597
58301 58427
58301 58388
58301 58460
58301 58380
58839 59127
58839 58980
58839 59063
58839 58932
58839 58988
58839 59066
58839 58976
58839 59047
58839 59106
58839 58980
58839 59007
59199 59432
59379 59476
59514 59599
59514 59589
59514 59710
59514 59629
59514 59727
59514 59685
59624 59842
59624 59733
59624 59730
59624 59843
59624 59712
59624 59752
59624 59916
59961 60076
59961 60241
59961 60211
59961 60261
59961 60247
60183 60418
60183 60309
60719 60900
60822 61027
60822 60980
60822 60944
60822 60961
60822 61095
60822 61086
60822 61049
60822 60941
60822 61019
61034 61167
61034 61203
61034 61289
61034 61202
61253 61448
61253 61360
61253 61495
61253 61535
61253 61332
61253 61525
61522 61618
61522 61802
61522 61784
61858 62086
61858 62086
61858 61921
62024 62280
62024 62313
62024 62303
62024 62142
62402 62514
62402 62522
62402 62593
62402 62624
62402 62524
62402 62481
62402 62604
62402 62525
62402 62522
62726 62803
62726 63021
62726 62810
62726 62921
62726 62885
62726 62799
62726 62988
62726 62833
62726 62839
63148 63227
63148 63251
63148 63431
63148 63448
63148 63377
63410 63649
63825 64005
63825 64114
64365 64554
64365 64655
64365 64494
64365 64553
64572 64721
65021 65297
65021 65099
65021 65084
65581 65672
65581 65722
65581 65868
65581 65816
65581 65796
65581 65814
65581 65808
65581 65720
65581 65672
65878 66087
65878 65981
65878 65959
65878 66105
65878 66149
65995 66220
65995 66175
65995 66115
66489 66655
66489 66587
66489 66572
66931 67151
66931 67106
66931 67044
66931 66992
66931 67205
66931 66994
67284 67504
67284 67407
67745 67841
