5000 50
692 -658
945 -153
995 -76
544 -952
894 -670
753 -69
264 -129
733 -348
746 -348
480 -457
574 -980
523 -556
650 -799
879 -147
700 -916
256 -823
914 -586
6 -534
177 -379
762 -740
884 -516
644 -530
489 -374
686 -618
5 -486
533 -852
853 -716
830 -971
14 -166
91 -132
961 -20
179 -617
322 -195
229 -322
451 -901
812 -763
169 -787
535 -85
917 -689
229 -124
674 -662
168 -443
723 -770
479 -337
829 -879
290 -3
813 -255
347 -703
734 -239
259 -32
546 -48
433 -165
526 -915
396 -770
936 -267
386 -928
26 -321
936 -790
880 -167
598 -12
386 -712
410 -127
282 -742
827 -381
420 -250
502 -483
637 -688
497 -975
449 -320
149 -45
985 -153
244 -347
168 -964
271 -440
791 -215
524 -250
551 -546
994 -139
342 -466
518 -901
482 -727
259 -876
604 -499
129 -936
96 -415
523 -603
254 -601
622 -341
591 -920
694 -880
109 -118
797 -961
309 -402
833 -297
270 -28
275 -619
831 -11
958 -856
420 -441
602 -624
179 -773
659 -712
543 -534
501 -987
10 -750
479 -61
152 -670
378 -508
922 -966
998 -558
828 -777
224 -25
724 -103
85 -691
321 -729
719 -883
729 -641
482 -491
862 -334
315 -753
154 -939
651 -106
103 -930
199 -630
131 -463
842 -880
988 -185
592 -134
645 -675
901 -313
875 -559
199 -890
895 -346
681 -735
150 -711
839 -314
797 -925
228 -637
479 -165
818 -438
793 -172
874 -34
827 -726
967 -771
162 -806
448 -545
836 -643
280 -270
784 -257
641 -983
49 -991
66 -458
548 -609
750 -406
900 -121
973 -109
447 -360
916 -151
399 -972
539 -694
170 -804
690 -214
538 -604
320 -593
569 -31
248 -392
916 -351
311 -545
945 -313
296 -948
698 -819
1 -310
839 -342
868 -724
105 -526
779 -87
930 -817
515 -639
760 -845
140 -959
23 -331
848 -914
903 -958
327 -822
296 -240
50 -612
594 -389
890 -211
858 -223
773 -702
195 -961
749 -86
892 -954
295 -394
806 -53
898 -236
654 -140
718 -625
532 -145
482 -691
509 -59
948 -113
972 -245
68 -899
300 -582
499 -964
204 -182
414 -378
763 -175
340 -397
344 -887
842 -611
454 -836
559 -260
819 -309
687 -428
153 -54
124 -551
892 -518
777 -372
341 -855
436 -725
720 -869
956 -7
664 -783
513 -328
540 -340
17 -828
516 -229
360 -116
45 -221
100 -906
973 -815
602 -333
911 -308
840 -987
154 -230
381 -843
958 -847
544 -568
882 -963
368 -129
672 -739
803 -693
87 -472
351 -517
708 -20
862 -277
709 -711
29 -113
323 -916
966 -150
283 -725
856 -142
988 -123
705 -213
480 -130
804 -761
910 -662
142 -114
941 -281
675 -585
949 -46
130 -808
725 -506
502 -696
695 -5
680 -43
925 -501
890 -814
245 -286
943 -307
931 -3
428 -642
93 -182
502 -332
6 -820
37 -858
314 -905
199 -392
682 -503
750 -890
423 -139
756 -978
647 -287
946 -760
602 -846
648 -558
425 -968
526 -517
710 -288
675 -23
634 -910
96 -446
414 -964
245 -319
501 -343
735 -112
520 -752
199 -218
224 -445
693 -143
135 -517
899 -287
330 -118
898 -666
425 -643
490 -913
607 -339
897 -927
181 -174
487 -92
857 -202
621 -983
616 -37
490 -363
14 -483
462 -288
218 -700
302 -227
652 -45
519 -513
390 -364
7 -487
205 -11
602 -272
788 -387
626 -548
363 -537
32 -56
922 -69
479 -692
240 -953
129 -715
263 -654
418 -212
795 -739
922 -329
27 -53
154 -292
860 -855
412 -871
29 -126
436 -831
635 -538
810 -569
764 -752
965 -216
981 -527
885 -621
244 -826
789 -217
672 -729
880 -626
855 -772
337 -152
841 -681
479 -948
826 -151
388 -447
788 -29
254 -661
126 -739
490 -55
713 -439
776 -872
171 -323
617 -175
862 -937
939 -85
170 -445
695 -173
919 -988
604 -409
748 -961
455 -505
308 -263
173 -884
942 -640
626 -340
13 -374
517 -81
703 -865
441 -336
896 -928
157 -357
695 -313
928 -542
135 -671
188 -667
982 -70
329 -28
776 -595
439 -858
692 -593
339 -78
149 -211
645 -294
6 -835
25 -378
171 -319
817 -895
164 -922
294 -588
556 -385
918 -330
918 -609
570 -697
926 -789
644 -467
909 -397
441 -397
356 -206
996 -808
693 -141
873 -731
548 -454
338 -534
623 -669
76 -306
599 -69
742 -310
468 -618
361 -826
398 -525
826 -264
506 -916
120 -208
10 -704
433 -356
320 -671
931 -306
352 -790
346 -759
187 -842
93 -830
639 -58
209 -364
836 -256
670 -698
79 -214
295 -306
589 -786
205 -579
517 -178
595 -830
519 -924
37 -369
508 -278
294 -116
183 -292
749 -975
255 -527
981 -582
44 -390
612 -328
875 -166
696 -398
851 -689
624 -371
242 -96
18 -244
973 -906
981 -730
256 -318
365 -847
158 -26
543 -53
6 -861
322 -982
156 -292
290 -223
894 -905
145 -854
25 -60
564 -302
950 -537
578 -786
281 -291
790 -837
744 -969
103 -159
991 -421
724 -636
645 -801
606 -997
137 -220
956 -374
888 -801
796 -880
352 -371
555 -445
784 -813
677 -467
986 -254
740 -868
83 -582
560 -829
662 -553
876 -900
506 -674
717 -318
138 -496
488 -106
327 -424
783 -355
160 -277
701 -497
905 -243
169 -36
551 -532
981 -648
876 -263
221 -201
846 -19
602 -788
636 -665
160 -320
960 -642
622 -28
715 -417
113 -353
340 -349
586 -54
311 -547
887 -814
702 -625
567 -566
157 -891
580 -297
939 -19
660 -133
525 -107
760 -643
615 -724
316 -557
41 -870
224 -151
372 -186
866 -764
528 -740
500 -137
578 -327
721 -458
317 -953
916 -615
982 -124
752 -849
177 -880
90 -982
314 -587
60 -192
171 -907
775 -673
307 -231
259 -567
879 -174
235 -989
653 -253
503 -584
206 -233
348 -476
867 -613
929 -812
398 -24
292 -382
684 -495
321 -366
31 -388
271 -222
263 -525
710 -213
488 -871
90 -143
150 -343
222 -617
707 -630
174 -644
563 -761
720 -972
489 -861
268 -634
138 -492
230 -575
994 -435
346 -508
289 -84
132 -893
432 -11
677 -735
956 -92
584 -406
65 -846
968 -20
112 -204
378 -307
384 -492
465 -549
672 -976
171 -299
485 -533
705 -336
760 -964
952 -266
419 -916
193 -170
729 -508
457 -56
692 -391
223 -790
413 -942
837 -439
513 -181
182 -463
545 -556
125 -242
57 -277
854 -667
247 -325
644 -353
122 -899
53 -900
396 -901
873 -82
411 -42
880 -254
599 -844
344 -372
420 -918
868 -974
928 -910
31 -997
644 -493
909 -551
536 -826
335 -548
872 -472
960 -284
661 -480
824 -454
320 -71
96 -804
696 -779
161 -577
865 -965
238 -852
587 -226
113 -278
5 -170
36 -594
856 -910
158 -324
855 -538
550 -678
293 -536
29 -74
487 -113
530 -255
899 -111
687 -459
970 -193
493 -216
370 -170
957 -615
633 -222
452 -573
994 -28
429 -810
581 -206
324 -297
269 -120
659 -587
84 -942
453 -210
674 -15
975 -544
68 -568
166 -394
949 -572
747 -713
44 -101
553 -98
195 -608
375 -206
829 -501
514 -795
537 -604
952 -713
184 -36
428 -224
709 -594
381 -59
385 -423
596 -45
278 -175
227 -397
280 -464
666 -539
400 -483
937 -180
356 -361
327 -614
847 -703
417 -141
285 -532
236 -25
577 -670
33 -508
925 -194
995 -998
61 -253
16 -675
235 -447
513 -810
598 -879
742 -304
922 -472
274 -786
753 -37
947 -797
236 -295
127 -706
576 -289
356 -673
477 -104
339 -49
632 -679
884 -763
97 -665
990 -794
108 -233
444 -691
408 -891
777 -751
569 -517
486 -773
250 -832
241 -29
563 -353
676 -324
292 -90
561 -295
416 -839
259 -979
951 -83
569 -175
319 -33
967 -107
657 -545
580 -666
885 -29
449 -199
375 -838
989 -515
725 -363
424 -361
347 -354
814 -286
281 -723
252 -270
414 -275
648 -83
255 -470
900 -526
804 -202
175 -253
637 -756
138 -633
280 -704
662 -222
978 -831
164 -338
297 -543
203 -544
492 -124
828 -669
513 -148
820 -173
924 -544
142 -534
806 -193
682 -346
627 -277
610 -714
492 -935
776 -854
519 -555
984 -759
767 -623
803 -648
350 -270
752 -105
563 -699
907 -842
429 -172
109 -339
447 -12
524 -249
369 -685
319 -439
923 -7
745 -953
283 -997
21 -139
854 -248
266 -870
833 -671
360 -775
986 -136
849 -823
635 -46
369 -637
128 -611
194 -304
90 -803
654 -509
357 -121
585 -977
668 -597
279 -33
187 -413
375 -902
175 -10
793 -499
297 -156
222 -156
908 -112
703 -648
223 -83
635 -702
736 -290
655 -934
346 -178
113 -912
274 -883
937 -760
906 -686
538 -189
896 -941
781 -162
382 -28
176 -288
15 -727
67 -470
574 -242
142 -226
861 -570
148 -218
923 -217
31 -421
340 -684
966 -969
806 -387
141 -980
449 -928
214 -178
70 -758
814 -955
39 -88
510 -196
839 -683
844 -359
956 -750
663 -808
838 -178
929 -670
490 -666
708 -655
814 -758
569 -880
97 -75
604 -332
867 -142
255 -71
631 -434
158 -50
418 -768
611 -726
559 -188
117 -670
317 -908
682 -127
10 -787
576 -668
176 -75
321 -415
829 -688
518 -130
379 -606
910 -846
957 -788
878 -204
220 -928
84 -320
264 -642
509 -283
520 -382
5 -840
377 -625
436 -363
738 -709
162 -711
964 -274
727 -191
336 -725
19 -263
493 -336
963 -572
951 -629
113 -525
831 -463
72 -223
442 -735
559 -855
550 -339
204 -173
269 -544
487 -992
746 -989
715 -925
25 -861
408 -479
457 -185
184 -78
2 -539
839 -419
427 -589
662 -511
580 -994
632 -396
245 -885
606 -608
579 -530
229 -54
928 -863
697 -178
417 -709
11 -102
479 -801
20 -927
441 -63
610 -227
774 -543
473 -691
563 -401
680 -832
194 -237
212 -333
557 -430
694 -989
850 -799
721 -303
790 -965
163 -696
650 -864
721 -352
682 -53
294 -390
726 -164
279 -777
621 -659
820 -245
639 -43
986 -86
147 -585
907 -439
262 -711
474 -967
777 -474
609 -779
899 -610
335 -178
18 -773
32 -278
858 -312
45 -158
327 -603
61 -693
385 -634
474 -51
468 -827
135 -801
81 -507
577 -395
333 -902
752 -682
667 -663
539 -124
38 -569
697 -780
204 -226
583 -639
61 -469
897 -971
311 -357
220 -205
795 -456
704 -656
437 -172
521 -370
549 -759
794 -263
179 -711
25 -488
119 -266
570 -789
112 -662
557 -312
957 -411
293 -474
654 -226
279 -673
770 -358
443 -342
438 -907
912 -584
212 -659
829 -196
34 -232
124 -587
791 -252
986 -50
252 -951
772 -510
432 -808
363 -796
935 -851
446 -791
413 -182
668 -955
643 -702
510 -317
389 -878
837 -445
341 -435
433 -450
700 -821
982 -426
15 -467
488 -642
810 -428
543 -92
816 -532
312 -678
91 -725
507 -590
256 -888
121 -518
980 -651
138 -334
220 -219
826 -841
583 -361
532 -810
41 -163
211 -80
616 -511
894 -159
239 -36
523 -730
408 -334
500 -379
782 -545
792 -157
465 -882
513 -262
140 -163
341 -296
793 -318
994 -234
980 -398
498 -211
655 -63
173 -870
656 -892
897 -1
267 -420
578 -576
321 -166
263 -902
621 -549
140 -647
186 -283
883 -431
106 -178
938 -601
203 -364
398 -138
297 -101
40 -143
671 -569
322 -919
908 -407
790 -738
804 -646
209 -320
163 -760
748 -727
674 -518
764 -117
22 -480
547 -820
858 -80
685 -138
154 -721
856 -46
793 -917
227 -455
658 -419
30 -447
452 -947
759 -409
5 -281
939 -75
696 -64
188 -166
329 -983
100 -486
961 -140
307 -871
30 -360
918 -146
499 -928
355 -792
191 -50
283 -599
839 -656
433 -688
828 -906
411 -742
200 -342
2 -798
478 -585
668 -123
785 -234
695 -248
837 -403
782 -670
822 -611
32 -857
452 -298
888 -846
829 -546
104 -22
259 -179
535 -593
964 -32
243 -358
965 -751
909 -714
564 -942
895 -433
896 -737
854 -637
472 -666
204 -119
36 -489
605 -659
548 -942
911 -904
664 -261
940 -134
587 -594
237 -592
836 -25
324 -672
241 -444
946 -907
838 -968
682 -799
705 -542
335 -663
168 -819
788 -36
154 -275
35 -204
280 -994
869 -225
956 -866
899 -79
698 -678
671 -805
577 -841
347 -121
694 -879
614 -53
319 -128
833 -566
486 -890
237 -190
647 -845
242 -486
970 -694
189 -331
884 -670
375 -877
45 -274
302 -277
873 -650
906 -394
742 -890
846 -259
772 -512
780 -12
384 -209
442 -669
181 -990
505 -245
296 -912
513 -209
950 -321
369 -228
462 -620
816 -777
706 -120
331 -832
613 -587
767 -726
83 -112
78 -567
888 -696
838 -712
463 -826
356 -388
799 -742
483 -523
943 -991
382 -143
450 -15
96 -651
990 -457
721 -593
668 -247
387 -607
544 -133
32 -144
943 -115
308 -11
784 -449
894 -65
775 -192
311 -469
612 -565
369 -363
24 -922
276 -709
584 -915
249 -654
451 -750
570 -811
443 -17
46 -533
231 -187
35 -6
730 -586
644 -726
104 -782
903 -200
467 -108
381 -914
426 -914
947 -474
104 -655
394 -123
821 -300
610 -920
561 -916
300 -123
754 -986
635 -650
226 -189
883 -836
287 -933
509 -542
879 -413
741 -808
592 -53
434 -864
201 -174
51 -502
631 -640
771 -631
586 -436
198 -184
284 -806
806 -140
636 -192
745 -982
699 -680
643 -42
819 -200
660 -755
778 -396
912 -931
289 -150
610 -261
291 -50
799 -178
867 -68
807 -79
502 -161
180 -469
318 -25
653 -844
202 -885
619 -332
891 -267
900 -697
56 -102
970 -388
188 -320
337 -932
913 -178
379 -154
128 -907
879 -920
979 -395
669 -201
618 -304
838 -446
5 -397
658 -197
293 -410
263 -242
291 -116
775 -161
407 -638
51 -928
511 -346
404 -361
673 -556
745 -508
218 -785
10 -874
581 -640
940 -916
537 -224
822 -787
285 -757
625 -797
507 -849
73 -546
66 -243
737 -927
921 -95
843 -268
828 -70
224 -994
432 -477
479 -601
161 -276
30 -763
322 -10
417 -996
990 -523
119 -726
654 -2
291 -65
814 -734
305 -583
787 -61
628 -926
361 -915
285 -14
370 -1
786 -161
573 -552
972 -316
143 -659
623 -342
474 -685
665 -71
882 -258
854 -626
372 -923
405 -996
178 -784
385 -191
232 -528
233 -848
553 -720
610 -971
779 -184
497 -498
296 -152
686 -442
169 -417
600 -883
743 -498
441 -369
724 -850
841 -713
69 -654
897 -160
874 -417
400 -269
294 -727
789 -223
142 -801
530 -53
994 -186
941 -615
378 -904
713 -5
563 -910
484 -565
321 -702
962 -408
525 -960
275 -139
694 -56
612 -129
851 -114
265 -979
370 -946
361 -383
166 -528
368 -79
944 -701
603 -657
327 -281
717 -576
865 -958
273 -929
925 -667
304 -754
774 -645
721 -141
948 -784
19 -277
991 -65
315 -768
974 -677
285 -858
255 -213
785 -709
750 -774
722 -50
987 -234
703 -14
267 -382
31 -881
199 -490
551 -621
250 -473
468 -734
10 -811
566 -119
953 -424
727 -707
980 -945
389 -779
810 -994
634 -968
531 -90
501 -524
88 -366
298 -961
575 -998
536 -175
609 -10
410 -492
840 -699
304 -674
618 -516
488 -667
420 -317
448 -854
401 -642
309 -351
331 -63
593 -208
992 -84
504 -470
675 -954
294 -462
655 -772
191 -644
539 -68
159 -366
204 -389
852 -486
365 -458
527 -965
1 -176
793 -937
918 -384
367 -132
138 -92
646 -968
745 -654
177 -94
993 -339
557 -626
780 -47
986 -627
195 -725
374 -306
396 -801
882 -885
691 -548
895 -426
704 -844
701 -364
587 -193
226 -125
852 -344
562 -934
490 -948
258 -158
37 -562
319 -877
399 -603
556 -980
602 -147
243 -549
483 -56
462 -468
705 -305
570 -645
565 -333
475 -498
837 -253
817 -589
316 -629
566 -878
684 -535
899 -598
502 -756
954 -301
561 -889
791 -127
975 -159
780 -949
340 -842
218 -386
991 -213
154 -399
807 -602
392 -515
737 -584
280 -405
71 -302
79 -304
186 -876
558 -936
989 -252
651 -735
866 -224
270 -201
227 -464
633 -777
418 -528
354 -10
70 -155
716 -656
85 -957
776 -576
807 -625
225 -529
738 -724
691 -229
856 -347
944 -610
85 -945
420 -291
218 -897
165 -8
990 -70
658 -580
647 -629
81 -280
680 -296
372 -936
813 -452
827 -910
218 -139
371 -491
311 -955
761 -325
280 -697
442 -996
807 -402
74 -499
302 -688
318 -70
739 -530
456 -136
291 -649
414 -571
702 -791
778 -860
953 -714
25 -835
495 -967
217 -849
314 -818
464 -123
330 -870
677 -543
399 -182
495 -389
220 -529
125 -172
636 -360
176 -18
436 -820
252 -151
534 -595
293 -51
983 -657
879 -294
792 -892
462 -166
486 -199
547 -122
479 -892
412 -798
900 -518
512 -84
715 -440
254 -994
136 -659
619 -86
634 -413
398 -102
530 -67
316 -761
905 -987
187 -297
225 -34
606 -855
706 -399
593 -720
869 -625
543 -866
599 -463
641 -332
862 -724
372 -706
80 -272
615 -870
787 -207
472 -356
293 -388
691 -282
200 -373
410 -279
71 -894
293 -474
732 -232
788 -451
828 -546
547 -504
746 -629
146 -96
625 -941
827 -408
916 -19
519 -607
745 -841
434 -61
744 -244
254 -189
960 -747
536 -242
882 -764
302 -209
935 -268
679 -849
238 -222
833 -461
639 -632
114 -186
745 -287
609 -530
651 -170
613 -141
837 -915
788 -756
399 -210
819 -817
174 -664
521 -777
820 -877
697 -810
623 -283
995 -653
658 -522
539 -442
525 -67
173 -19
552 -483
856 -447
729 -682
144 -726
774 -820
601 -981
906 -701
451 -23
308 -352
2 -110
971 -619
462 -87
288 -91
277 -694
773 -3
864 -66
52 -531
390 -114
951 -460
980 -126
945 -3
681 -137
792 -5
868 -29
955 -909
153 -728
329 -74
295 -293
995 -632
908 -323
596 -483
289 -279
388 -367
229 -158
366 -603
423 -775
113 -54
47 -375
379 -179
768 -56
374 -357
157 -783
120 -584
354 -523
140 -402
609 -824
215 -232
32 -205
184 -645
546 -413
303 -358
479 -332
192 -453
329 -667
838 -321
320 -804
433 -842
991 -240
761 -157
798 -82
940 -920
813 -442
847 -701
356 -658
712 -248
989 -405
987 -993
398 -977
646 -229
643 -191
629 -568
814 -540
893 -573
480 -977
992 -941
79 -280
803 -718
972 -724
771 -232
321 -515
194 -536
915 -177
325 -692
72 -901
809 -888
992 -410
948 -403
521 -640
683 -931
559 -836
720 -995
55 -91
370 -110
850 -26
623 -733
355 -748
147 -620
219 -640
257 -205
977 -901
703 -199
276 -373
521 -890
253 -383
185 -139
233 -204
29 -42
115 -397
13 -25
360 -355
16 -153
169 -149
605 -405
395 -62
695 -722
215 -987
474 -837
38 -557
379 -614
376 -629
791 -697
367 -748
505 -132
733 -871
134 -88
541 -29
980 -457
865 -414
499 -724
859 -516
923 -934
113 -428
97 -499
139 -366
753 -547
461 -452
78 -703
755 -844
162 -864
785 -236
472 -616
144 -12
700 -577
203 -188
593 -714
814 -695
689 -66
392 -270
630 -290
819 -466
573 -222
539 -142
69 -570
473 -398
350 -767
790 -739
134 -493
353 -961
13 -995
192 -636
250 -283
774 -568
882 -957
868 -833
513 -930
680 -974
783 -436
975 -994
158 -406
958 -715
170 -632
283 -263
168 -878
510 -889
700 -555
592 -249
242 -386
425 -887
583 -360
477 -884
188 -841
105 -845
570 -709
991 -351
886 -764
440 -697
160 -16
176 -900
107 -757
319 -384
199 -402
236 -846
936 -694
982 -487
641 -91
209 -574
13 -796
210 -300
603 -240
879 -19
919 -593
359 -352
984 -969
297 -683
285 -147
648 -124
242 -158
817 -178
563 -60
4 -389
643 -459
110 -613
874 -759
528 -419
36 -867
572 -3
911 -128
244 -178
771 -675
873 -968
7 -449
359 -307
286 -34
875 -813
933 -173
904 -754
397 -73
523 -963
953 -424
219 -689
960 -321
426 -694
766 -404
89 -73
815 -18
144 -132
623 -158
9 -888
152 -317
48 -798
955 -699
523 -768
427 -857
159 -614
532 -504
451 -463
980 -67
453 -770
328 -357
859 -968
923 -215
33 -818
465 -839
334 -767
775 -481
766 -809
910 -64
670 -6
330 -946
357 -87
603 -634
429 -926
319 -727
324 -731
406 -43
312 -481
323 -897
218 -409
686 -243
243 -108
36 -706
621 -127
147 -816
71 -784
307 -677
261 -339
65 -555
791 -971
84 -981
513 -211
762 -165
769 -330
809 -550
456 -762
512 -36
185 -675
861 -85
15 -239
933 -660
454 -477
718 -331
805 -206
672 -772
495 -253
347 -21
39 -381
569 -84
556 -988
897 -946
179 -799
188 -890
502 -483
171 -529
591 -428
971 -484
260 -395
64 -814
537 -725
145 -593
979 -862
686 -938
523 -825
854 -845
787 -221
221 -298
763 -827
366 -861
926 -188
581 -48
770 -23
661 -199
34 -296
585 -274
961 -706
179 -131
696 -485
806 -676
331 -701
964 -246
538 -370
448 -313
583 -241
584 -497
7 -14
348 -650
788 -203
837 -913
72 -769
315 -894
818 -982
204 -748
664 -519
731 -278
617 -244
322 -874
949 -923
231 -479
890 -903
799 -742
662 -850
804 -279
849 -11
802 -307
101 -101
53 -674
144 -285
916 -269
541 -505
323 -379
540 -404
24 -829
521 -572
752 -48
671 -86
239 -156
393 -735
153 -751
86 -459
914 -28
137 -681
71 -861
131 -790
199 -591
971 -760
166 -645
242 -887
101 -451
928 -428
896 -148
498 -445
638 -906
921 -611
109 -530
44 -570
11 -564
341 -20
401 -53
426 -755
218 -785
12 -279
363 -20
252 -829
123 -415
277 -997
232 -439
840 -532
5 -950
719 -710
260 -871
900 -84
97 -389
195 -907
988 -351
491 -777
186 -535
749 -358
806 -570
69 -434
20 -867
733 -313
821 -853
125 -280
946 -57
543 -960
95 -502
75 -668
45 -475
189 -126
358 -862
645 -325
472 -381
801 -422
181 -69
281 -40
133 -236
447 -778
871 -438
359 -950
231 -249
640 -256
293 -760
643 -772
513 -54
154 -648
489 -431
816 -432
537 -141
336 -67
253 -428
283 -862
417 -905
941 -284
653 -348
867 -236
869 -212
516 -684
414 -376
891 -845
116 -660
518 -793
262 -993
545 -978
452 -20
75 -259
641 -977
174 -42
28 -266
976 -602
915 -955
660 -127
539 -237
3 -307
672 -198
540 -626
529 -74
156 -234
607 -715
346 -917
188 -714
156 -885
897 -692
863 -475
105 -947
341 -867
415 -954
36 -982
970 -969
955 -115
33 -833
53 -103
42 -801
731 -102
69 -519
32 -557
184 -504
284 -414
613 -458
667 -2
857 -903
571 -671
233 -192
460 -771
457 -801
169 -73
972 -192
39 -637
259 -4
916 -818
257 -734
438 -601
759 -406
401 -210
258 -102
175 -549
603 -471
580 -171
53 -439
969 -554
55 -73
277 -335
342 -457
587 -850
669 -101
614 -921
468 -963
776 -14
165 -632
557 -5
738 -597
465 -145
908 -531
625 -437
672 -799
198 -517
921 -875
585 -181
510 -224
260 -265
222 -792
826 -743
935 -537
860 -537
824 -638
155 -610
220 -771
948 -858
360 -158
337 -334
357 -64
625 -478
656 -885
680 -949
846 -970
204 -202
735 -270
187 -862
426 -223
597 -474
384 -693
986 -405
959 -752
594 -657
927 -712
883 -847
46 -590
610 -652
176 -239
964 -37
143 -292
91 -379
607 -141
895 -612
514 -229
788 -64
523 -847
122 -538
927 -737
402 -999
363 -601
523 -952
347 -429
959 -279
482 -360
752 -454
923 -898
46 -30
531 -123
844 -954
365 -816
783 -239
33 -372
258 -683
620 -117
60 -575
190 -429
952 -322
199 -189
737 -791
348 -685
140 -657
644 -168
671 -118
796 -500
360 -616
596 -730
648 -360
452 -300
598 -900
292 -723
90 -107
363 -386
702 -581
494 -812
388 -241
312 -368
809 -789
373 -794
140 -11
986 -274
661 -49
807 -662
227 -513
483 -261
397 -505
102 -390
243 -133
795 -191
968 -124
865 -246
873 -642
53 -205
495 -248
636 -226
651 -209
66 -231
735 -132
992 -612
987 -434
512 -895
750 -621
174 -290
378 -511
400 -221
852 -127
223 -822
733 -912
936 -40
795 -841
451 -61
164 -569
133 -485
313 -148
461 -515
502 -44
947 -936
270 -445
102 -145
856 -988
794 -11
95 -516
521 -150
308 -25
913 -468
456 -743
695 -118
347 -727
254 -496
819 -254
58 -764
57 -136
34 -795
200 -128
658 -952
372 -348
868 -219
766 -929
576 -312
857 -497
909 -239
258 -414
777 -894
377 -750
715 -723
109 -146
34 -720
769 -600
454 -43
643 -919
496 -803
987 -644
460 -938
304 -159
912 -55
532 -982
140 -418
267 -617
654 -866
812 -736
380 -775
550 -459
294 -184
210 -207
233 -784
863 -531
920 -570
350 -488
697 -824
963 -231
561 -194
679 -287
130 -29
639 -504
389 -696
398 -827
770 -626
562 -117
695 -336
863 -592
88 -810
649 -463
101 -677
80 -350
741 -854
892 -833
978 -507
83 -630
606 -379
57 -206
726 -958
702 -251
888 -646
858 -1
167 -986
647 -332
706 -43
299 -104
121 -823
307 -498
209 -455
48 -516
424 -4
440 -804
816 -562
394 -590
342 -694
48 -127
497 -569
25 -417
926 -601
73 -564
973 -62
765 -464
531 -275
926 -223
802 -819
122 -171
618 -442
230 -854
431 -885
61 -991
871 -745
771 -673
694 -95
522 -441
552 -436
752 -332
692 -78
921 -992
6 -379
652 -710
618 -636
211 -729
155 -804
962 -109
783 -214
11 -776
415 -662
325 -973
477 -267
669 -892
49 -992
95 -995
203 -610
528 -479
744 -85
590 -347
565 -924
242 -762
583 -373
785 -648
348 -43
927 -118
519 -765
10 -935
752 -136
160 -754
673 -978
732 -452
367 -985
222 -426
776 -361
702 -171
106 -942
753 -539
991 -53
48 -547
3 -709
318 -899
673 -682
25 -720
624 -482
512 -72
99 -843
434 -882
933 -751
171 -832
116 -543
42 -512
282 -474
959 -855
446 -85
379 -830
150 -409
98 -941
210 -521
755 -783
871 -208
924 -297
560 -719
349 -188
870 -342
877 -61
712 -758
12 -791
52 -611
502 -828
16 -807
102 -574
657 -403
84 -166
605 -788
59 -98
584 -197
21 -355
193 -454
888 -308
797 -80
569 -147
100 -26
622 -900
338 -916
498 -273
492 -379
175 -6
88 -406
703 -394
73 -958
238 -193
129 -973
28 -26
584 -712
105 -389
547 -592
414 -786
941 -969
37 -471
646 -654
204 -671
513 -906
64 -209
2 -107
360 -352
31 -152
536 -982
219 -333
149 -752
607 -922
35 -719
639 -754
807 -310
496 -848
191 -986
851 -199
947 -474
374 -791
164 -484
859 -686
423 -569
423 -619
906 -834
249 -348
310 -624
942 -2
521 -978
558 -443
221 -291
331 -542
32 -396
368 -454
130 -794
290 -910
385 -325
380 -302
934 -731
346 -351
932 -509
218 -609
90 -157
24 -233
187 -82
386 -456
674 -636
242 -694
448 -229
195 -86
283 -331
332 -999
100 -405
366 -350
499 -956
46 -885
504 -852
178 -130
891 -716
126 -560
967 -244
307 -790
258 -194
709 -749
673 -16
647 -542
961 -958
768 -301
833 -107
263 -785
115 -89
890 -261
204 -477
478 -146
960 -712
296 -814
714 -37
592 -152
114 -365
679 -353
59 -831
313 -677
832 -508
904 -97
377 -946
456 -584
832 -750
128 -821
803 -27
645 -740
845 -410
863 -344
586 -178
120 -363
613 -127
243 -563
108 -227
727 -930
895 -214
536 -747
640 -941
861 -22
344 -49
202 -432
269 -217
793 -9
262 -951
728 -644
59 -402
809 -782
158 -486
409 -39
855 -46
893 -891
471 -824
384 -971
38 -363
995 -209
111 -316
275 -971
389 -502
306 -2
255 -914
395 -67
911 -113
212 -276
388 -181
583 -745
595 -685
937 -744
317 -741
163 -973
533 -212
610 -265
825 -295
434 -873
254 -641
265 -537
762 -650
809 -250
960 -471
324 -55
58 -442
531 -911
773 -91
955 -44
842 -755
858 -520
504 -672
315 -912
698 -359
263 -13
814 -783
766 -503
720 -836
870 -461
521 -643
635 -886
8 -397
390 -358
722 -997
889 -438
178 -566
208 -107
674 -666
788 -157
315 -200
125 -62
64 -999
352 -42
481 -712
636 -400
165 -16
817 -115
898 -570
330 -402
560 -87
958 -147
982 -946
272 -455
449 -992
66 -45
504 -511
515 -574
191 -907
687 -692
967 -342
452 -344
930 -598
10 -778
958 -38
222 -859
724 -704
949 -616
122 -938
912 -820
228 -257
578 -478
831 -954
233 -370
697 -117
489 -692
291 -961
992 -528
409 -775
629 -747
242 -666
73 -354
592 -853
352 -877
71 -359
195 -340
917 -641
402 -368
340 -14
783 -511
893 -975
695 -494
238 -497
277 -374
41 -474
825 -895
215 -24
769 -265
267 -966
679 -2
243 -666
456 -888
413 -433
112 -371
147 -472
741 -957
114 -295
746 -422
619 -967
839 -242
90 -673
209 -822
515 -372
578 -197
743 -889
861 -87
568 -854
107 -327
169 -58
873 -328
748 -652
886 -40
195 -107
96 -920
677 -733
341 -850
597 -175
605 -137
943 -202
583 -891
313 -215
276 -997
979 -796
150 -935
35 -746
513 -492
609 -226
509 -967
419 -919
514 -961
566 -321
224 -135
587 -208
224 -754
325 -444
414 -495
676 -466
998 -887
474 -289
390 -259
713 -319
677 -12
31 -46
69 -477
8 -451
186 -627
215 -384
388 -112
375 -283
991 -836
421 -275
357 -23
964 -108
495 -480
26 -233
160 -223
33 -997
47 -398
19 -318
492 -598
696 -543
330 -979
555 -998
670 -604
942 -7
938 -590
415 -164
612 -31
134 -584
386 -728
747 -529
771 -208
449 -630
841 -377
247 -449
2 -794
753 -746
20 -377
570 -227
420 -482
834 -37
869 -601
321 -136
563 -253
729 -390
219 -615
380 -828
413 -841
864 -208
230 -192
151 -846
722 -566
268 -294
564 -348
489 -321
868 -935
380 -131
677 -372
264 -262
52 -598
978 -875
387 -926
9 -421
602 -850
55 -891
996 -601
583 -437
198 -164
521 -476
591 -679
247 -496
181 -548
202 -277
165 -304
233 -561
664 -53
987 -314
281 -66
632 -706
308 -542
554 -421
768 -700
918 -259
543 -975
706 -845
318 -187
803 -162
989 -187
236 -979
875 -545
436 -352
62 -510
613 -504
246 -154
331 -75
964 -950
345 -40
433 -356
662 -713
8 -774
413 -90
672 -489
942 -537
528 -850
498 -480
472 -396
62 -337
995 -247
150 -593
17 -168
802 -400
670 -836
742 -518
356 -176
912 -499
913 -443
598 -955
126 -76
234 -336
979 -465
716 -58
575 -262
532 -149
582 -437
587 -365
280 -459
444 -254
972 -91
54 -281
872 -696
884 -933
213 -900
469 -359
84 -11
462 -548
184 -322
250 -862
525 -821
424 -435
709 -722
541 -502
63 -936
526 -496
651 -456
745 -157
421 -761
490 -705
892 -294
415 -55
784 -663
911 -56
334 -155
63 -256
686 -213
125 -530
650 -563
193 -767
109 -667
953 -794
324 -151
25 -527
715 -328
813 -37
445 -679
396 -52
154 -147
147 -317
508 -252
975 -868
627 -451
303 -91
886 -336
45 -53
310 -220
361 -41
271 -888
928 -648
680 -484
908 -376
159 -926
234 -991
30 -207
178 -607
279 -434
530 -866
943 -371
70 -141
895 -545
194 -330
17 -695
852 -102
265 -18
169 -730
101 -523
778 -584
122 -902
474 -460
905 -809
967 -990
142 -760
842 -993
243 -298
43 -326
81 -978
165 -586
408 -352
933 -940
153 -903
461 -15
899 -983
175 -397
94 -122
293 -530
640 -20
916 -407
788 -785
659 -294
680 -485
249 -989
723 -138
72 -172
723 -466
465 -706
357 -593
173 -697
302 -952
744 -746
335 -57
902 -297
246 -876
439 -912
52 -68
780 -996
290 -482
719 -769
845 -648
930 -105
852 -189
651 -962
688 -622
192 -48
846 -239
572 -93
386 -994
434 -428
241 -576
523 -76
70 -396
148 -586
100 -33
514 -176
434 -984
773 -939
637 -269
667 -908
457 -154
152 -391
989 -629
172 -122
937 -377
171 -521
357 -148
634 -896
453 -465
699 -304
212 -785
596 -480
152 -14
107 -126
474 -979
743 -409
814 -726
1 -180
726 -478
268 -78
571 -937
464 -860
599 -209
993 -154
843 -43
437 -490
591 -584
994 -481
320 -180
802 -945
401 -39
498 -902
240 -550
704 -475
459 -946
287 -538
699 -633
891 -105
992 -404
39 -182
373 -279
926 -251
285 -282
866 -858
577 -300
620 -197
194 -914
456 -869
873 -795
249 -835
331 -975
433 -340
744 -311
311 -134
84 -512
248 -707
86 -133
31 -86
727 -783
814 -17
393 -984
523 -721
753 -50
675 -16
200 -322
883 -422
819 -280
128 -301
526 -670
330 -471
285 -275
289 -355
73 -863
928 -435
854 -338
753 -224
124 -646
106 -529
939 -398
675 -593
510 -507
952 -828
567 -980
631 -785
553 -991
987 -110
780 -687
619 -111
619 -498
703 -933
192 -179
809 -163
397 -994
260 -505
677 -734
750 -316
373 -417
924 -744
29 -392
373 -22
648 -397
265 -966
730 -267
16 -90
124 -8
947 -885
554 -489
808 -346
26 -665
909 -270
632 -586
684 -477
347 -332
451 -649
603 -355
953 -887
365 -43
93 -638
8 -318
36 -378
223 -226
938 -121
708 -408
189 -950
754 -933
832 -168
981 -496
214 -160
707 -709
241 -458
198 -680
281 -381
355 -718
40 -928
649 -341
461 -14
999 -27
346 -741
20 -173
215 -534
998 -753
668 -863
732 -522
408 -28
593 -626
902 -446
948 -725
958 -857
967 -945
243 -673
148 -468
188 -649
895 -444
711 -895
765 -751
187 -128
320 -269
839 -566
458 -143
377 -566
876 -819
450 -185
309 -263
936 -578
693 -909
833 -633
417 -697
605 -781
383 -489
873 -372
892 -814
174 -948
554 -184
916 -363
395 -893
56 -150
336 -368
494 -677
716 -87
67 -679
4 -13
708 -272
126 -724
72 -488
905 -664
663 -304
579 -367
58 -327
195 -773
77 -838
896 -983
686 -460
962 -76
157 -1
19 -894
236 -278
127 -259
292 -509
313 -693
313 -697
123 -436
909 -364
865 -843
844 -320
205 -194
262 -109
434 -111
356 -230
699 -756
7 -468
390 -166
631 -600
905 -588
196 -425
228 -62
729 -948
833 -14
191 -525
767 -745
744 -932
305 -314
866 -31
484 -711
315 -644
753 -254
226 -749
432 -823
352 -535
325 -680
545 -153
86 -893
321 -816
929 -85
649 -664
578 -890
679 -562
830 -578
368 -267
63 -697
863 -214
718 -457
864 -633
862 -56
410 -744
753 -814
638 -507
693 -460
829 -534
505 -408
410 -489
516 -61
935 -470
966 -221
571 -436
846 -389
879 -95
918 -299
972 -934
338 -206
368 -695
664 -204
903 -648
960 -7
322 -909
526 -467
754 -12
167 -872
485 -820
333 -2
989 -655
901 -983
297 -281
666 -166
920 -129
333 -642
302 -795
305 -540
676 -134
654 -167
829 -507
532 -557
997 -532
762 -248
473 -621
970 -723
621 -920
850 -481
793 -139
398 -560
174 -414
875 -285
558 -701
126 -534
197 -107
719 -922
978 -855
142 -132
651 -371
453 -486
608 -605
237 -130
789 -483
484 -992
599 -765
365 -928
56 -354
625 -283
570 -847
787 -553
242 -469
573 -920
639 -399
449 -590
963 -415
998 -293
797 -81
204 -413
364 -140
661 -753
550 -455
521 -948
813 -668
226 -800
17 -979
635 -156
879 -340
343 -281
864 -7
693 -921
392 -796
463 -719
395 -957
795 -730
354 -949
177 -751
858 -316
777 -2
151 -550
574 -65
687 -572
736 -928
784 -852
856 -655
653 -720
54 -436
169 -224
587 -717
821 -953
13 -635
558 -723
414 -560
296 -437
731 -74
54 -409
981 -626
372 -262
680 -421
499 -970
853 -507
662 -493
19 -390
849 -145
359 -799
530 -179
709 -220
550 -441
72 -745
747 -46
859 -274
477 -577
661 -658
348 -835
543 -556
425 -473
991 -833
586 -938
325 -117
560 -466
245 -91
60 -944
407 -668
948 -633
648 -489
619 -496
160 -50
495 -687
936 -572
719 -172
947 -47
935 -115
445 -267
455 -833
537 -200
632 -624
689 -825
564 -183
834 -734
30 -272
672 -287
889 -598
625 -799
91 -328
135 -833
702 -999
103 -994
476 -485
317 -737
984 -505
179 -496
412 -176
968 -761
297 -56
165 -856
957 -815
640 -757
909 -775
886 -433
730 -381
225 -497
792 -988
895 -934
42 -914
724 -458
667 -544
854 -898
629 -672
699 -838
254 -735
806 -911
169 -852
610 -361
716 -256
807 -839
690 -471
294 -523
429 -517
787 -985
600 -546
162 -180
35 -48
122 -452
728 -989
31 -27
302 -160
834 -794
738 -830
100 -557
355 -544
371 -241
885 -913
158 -996
976 -137
743 -709
874 -214
32 -913
247 -433
346 -859
713 -911
589 -737
707 -641
156 -810
45 -655
310 -688
528 -271
244 -661
578 -39
74 -530
609 -278
475 -236
120 -588
422 -191
819 -941
885 -593
201 -86
331 -65
107 -159
241 -415
495 -759
621 -526
670 -911
293 -562
85 -663
671 -953
662 -546
312 -716
42 -207
451 -57
796 -96
166 -192
974 -333
275 -187
671 -269
906 -150
683 -344
569 -777
40 -439
975 -810
994 -536
956 -743
240 -520
363 -721
538 -502
84 -471
807 -458
180 -579
402 -340
55 -442
25 -355
971 -459
972 -830
11 -364
569 -160
973 -237
102 -921
511 -121
153 -200
985 -36
623 -269
275 -339
790 -962
952 -918
918 -372
281 -71
469 -732
792 -763
776 -800
557 -705
395 -889
95 -283
705 -540
963 -901
263 -136
180 -552
15 -378
114 -326
947 -329
176 -276
774 -161
869 -127
368 -630
985 -761
49 -341
72 -692
731 -389
723 -962
910 -392
767 -863
196 -402
585 -54
604 -53
330 -888
658 -435
262 -580
443 -978
450 -263
993 -254
91 -171
70 -264
851 -335
159 -171
474 -926
872 -107
725 -770
62 -551
212 -602
773 -200
540 -52
97 -867
329 -212
745 -400
211 -805
527 -278
552 -924
166 -614
251 -821
785 -909
771 -429
799 -181
810 -793
540 -655
885 -816
724 -387
105 -103
510 -211
360 -13
328 -811
150 -601
363 -416
962 -883
193 -61
914 -313
22 -797
847 -350
405 -533
593 -719
814 -456
772 -286
787 -534
328 -55
139 -282
176 -389
330 -795
580 -500
709 -660
905 -64
579 -149
311 -984
383 -658
558 -65
701 -752
258 -2
513 -784
809 -965
814 -900
880 -379
435 -882
126 -76
959 -9
619 -56
46 -308
591 -591
723 -512
676 -812
130 -225
946 -758
901 -13
480 -437
991 -28
198 -673
806 -77
435 -618
749 -840
934 -122
821 -603
48 -640
744 -158
674 -529
452 -994
541 -584
516 -616
965 -45
632 -884
922 -39
413 -671
653 -213
967 -727
665 -233
542 -950
626 -9
979 -30
476 -757
311 -697
945 -706
345 -426
187 -845
577 -746
221 -959
985 -618
286 -882
915 -977
265 -516
606 -793
327 -169
758 -648
664 -129
890 -33
795 -904
846 -171
366 -276
825 -176
726 -247
524 -519
273 -61
182 -275
889 -107
647 -420
1 -603
295 -684
417 -496
176 -679
692 -17
121 -282
125 -631
649 -191
101 -375
974 -185
369 -919
981 -461
143 -957
553 -181
353 -454
624 -915
213 -559
824 -650
942 -989
489 -608
558 -720
30 -943
529 -559
347 -729
103 -72
876 -941
237 -360
853 -194
683 -910
130 -491
993 -771
166 -704
248 -882
549 -130
395 -552
619 -265
222 -96
504 -959
353 -449
203 -866
619 -86
923 -453
796 -986
736 -236
523 -763
516 -593
13 -651
180 -254
458 -371
684 -33
24 -255
741 -211
539 -99
711 -889
494 -773
504 -515
965 -409
610 -863
405 -899
888 -606
561 -884
52 -455
244 -614
727 -827
385 -494
346 -648
762 -337
399 -518
100 -343
433 -346
170 -959
785 -664
58 -4
5 -129
199 -139
308 -762
890 -301
545 -239
666 -801
539 -602
884 -247
607 -978
357 -511
928 -435
71 -828
127 -704
494 -148
782 -719
656 -880
304 -317
923 -378
989 -383
514 -928
992 -648
15 -797
808 -791
468 -409
240 -194
651 -190
208 -451
917 -709
514 -168
257 -204
781 -677
855 -856
96 -874
616 -189
387 -488
665 -865
624 -512
258 -18
151 -822
75 -163
462 -20
31 -185
674 -242
828 -482
989 -725
145 -366
750 -476
679 -149
872 -937
363 -411
49 -84
662 -639
943 -21
382 -166
297 -27
659 -723
534 -164
841 -821
492 -779
391 -429
211 -751
207 -162
936 -577
788 -178
11 -318
218 -922
530 -276
541 -556
731 -835
58 -343
909 -656
897 -113
726 -343
844 -492
127 -134
498 -751
503 -439
740 -896
767 -360
818 -272
351 -679
306 -610
370 -449
940 -402
496 -507
845 -237
743 -508
388 -38
918 -230
588 -669
245 -938
18 -333
861 -29
405 -50
330 -676
581 -547
281 -879
454 -550
787 -720
404 -533
793 -347
273 -857
931 -793
539 -733
890 -895
432 -527
478 -380
218 -109
67 -632
759 -591
229 -28
946 -602
787 -638
83 -937
720 -901
240 -863
39 -365
464 -825
999 -185
492 -912
23 -244
217 -249
556 -325
31 -616
262 -498
296 -289
554 -174
688 -714
77 -547
146 -454
359 -751
651 -869
198 -793
510 -298
887 -639
730 -280
173 -531
696 -162
527 -663
652 -194
175 -633
859 -134
645 -458
376 -206
314 -809
3 -651
309 -856
795 -818
365 -462
88 -981
597 -468
697 -350
948 -805
948 -692
217 -194
478 -594
372 -405
880 -487
58 -818
136 -100
761 -52
66 -556
744 -991
761 -462
482 -551
626 -788
105 -177
463 -182
265 -272
173 -321
715 -813
565 -454
173 -971
198 -780
631 -379
373 -636
269 -846
324 -18
687 -325
503 -51
887 -602
830 -282
105 -517
339 -735
805 -482
402 -943
512 -977
5 -437
947 -952
920 -399
865 -997
8 -764
469 -425
912 -218
107 -902
812 -842
414 -433
17 -203
451 -486
828 -907
184 -815
532 -943
96 -537
660 -577
107 -912
427 -997
356 -296
193 -99
871 -925
741 -333
400 -620
38 -71
122 -851
140 -805
49 -922
397 -81
296 -585
297 -952
64 -263
883 -588
844 -153
720 -544
293 -608
494 -667
884 -741
923 -722
875 -448
98 -170
636 -202
328 -811
993 -890
865 -445
301 -95
776 -921
975 -112
797 -592
829 -51
356 -363
180 -417
350 -217
142 -977
56 -448
710 -967
545 -119
946 -273
625 -935
727 -148
563 -975
442 -429
396 -99
430 -322
307 -515
736 -221
444 -257
533 -472
795 -825
225 -24
394 -239
622 -164
991 -911
742 -59
932 -996
604 -281
661 -692
200 -595
401 -424
364 -70
882 -855
673 -31
676 -595
376 -209
926 -662
717 -488
328 -372
276 -789
591 -528
589 -733
185 -788
339 -115
518 -87
922 -864
732 -752
250 -123
395 -598
726 -797
50 -739
834 -33
261 -418
260 -297
670 -12
580 -567
846 -582
826 -375
325 -928
787 -620
562 -407
94 -651
154 -445
465 -234
422 -863
893 -511
430 -331
198 -568
33 -73
871 -802
488 -109
719 -875
283 -43
190 -454
39 -236
705 -374
271 -772
368 -247
395 -589
885 -285
550 -438
675 -919
409 -745
357 -854
305 -215
956 -846
345 -123
412 -590
40 -161
662 -726
885 -922
834 -579
496 -262
970 -332
970 -534
415 -944
645 -636
939 -269
218 -727
505 -134
138 -702
322 -433
804 -869
693 -316
899 -42
513 -841
308 -335
574 -765
279 -700
545 -946
185 -102
749 -969
898 -903
508 -124
422 -445
454 -830
683 -410
786 -172
168 -869
480 -223
788 -827
894 -997
87 -735
106 -332
769 -462
511 -516
553 -79
714 -256
912 -37
842 -397
95 -72
236 -485
197 -44
177 -15
351 -714
917 -851
87 -700
40 -736
790 -678
103 -316
163 -799
523 -628
782 -881
30 -928
614 -212
211 -312
925 -912
235 -529
642 -351
746 -680
743 -33
272 -770
294 -56
444 -354
828 -983
205 -779
76 -537
908 -256
466 -424
186 -707
731 -856
584 -935
781 -533
118 -208
622 -193
707 -952
275 -158
300 -386
279 -906
661 -772
432 -427
530 -698
875 -122
350 -111
672 -947
700 -615
915 -505
910 -283
189 -102
98 -129
595 -82
337 -769
86 -577
927 -71
386 -517
244 -187
954 -976
161 -391
798 -547
892 -196
415 -210
726 -176
477 -786
111 -309
812 -215
864 -757
199 -136
881 -738
755 -298
249 -106
960 -620
349 -654
294 -532
292 -970
350 -126
132 -46
351 -94
545 -657
249 -647
285 -664
985 -249
703 -477
360 -605
248 -898
293 -359
9 -630
348 -40
74 -959
748 -226
663 -132
826 -14
446 -165
856 -979
935 -573
313 -35
49 -826
649 -67
505 -473
457 -411
926 -913
305 -64
312 -167
868 -128
437 -735
634 -734
908 -818
406 -758
763 -321
906 -423
731 -410
369 -699
219 -862
738 -813
665 -717
380 -825
444 -268
825 -6
742 -261
393 -141
886 -536
810 -885
665 -808
520 -166
48 -563
152 -38
880 -9
238 -559
539 -161
457 -255
326 -71
247 -783
522 -302
896 -43
118 -481
14 -628
668 -875
782 -630
923 -446
713 -225
525 -407
441 -877
761 -539
389 -575
215 -702
755 -76
983 -475
256 -104
443 -504
833 -538
856 -88
420 -126
532 -368
247 -463
295 -312
465 -484
22 -962
29 -374
345 -13
336 -601
976 -58
602 -52
902 -276
23 -383
417 -903
484 -74
704 -141
356 -934
706 -659
149 -617
266 -368
633 -98
941 -564
771 -770
594 -903
868 -616
91 -51
487 -720
674 -200
517 -700
30 -985
188 -560
453 -475
126 -796
232 -218
145 -286
3 -584
326 -646
325 -167
520 -682
224 -374
950 -326
572 -111
229 -917
24 -600
249 -737
274 -370
863 -561
311 -908
78 -693
159 -74
417 -121
260 -447
776 -100
876 -276
3 -822
291 -582
828 -585
984 -782
525 -213
520 -144
18 -227
401 -771
946 -311
797 -953
332 -888
447 -598
489 -672
443 -306
802 -46
749 -514
696 -557
516 -886
147 -616
712 -278
214 -668
602 -408
153 -404
145 -156
55 -115
902 -596
843 -540
382 -94
838 -423
931 -215
983 -101
764 -755
825 -803
923 -396
331 -9
714 -145
617 -942
806 -417
778 -800
21 -86
42 -86
791 -161
235 -553
781 -273
781 -451
720 -24
930 -610
166 -485
178 -785
365 -716
606 -316
614 -854
717 -974
91 -681
325 -931
916 -87
229 -669
959 -111
188 -400
347 -527
853 -471
156 -195
231 -744
28 -605
898 -801
469 -887
327 -217
739 -952
145 -832
793 -140
123 -682
236 -246
811 -257
810 -281
893 -852
757 -145
640 -388
654 -136
727 -63
438 -255
707 -376
526 -149
503 -332
758 -370
947 -690
277 -594
707 -329
129 -220
86 -536
637 -791
665 -116
762 -883
894 -358
331 -692
455 -905
863 -428
82 -864
972 -897
439 -25
289 -478
118 -850
778 -447
43 -535
643 -274
874 -973
473 -783
746 -471
78 -958
108 -922
989 -493
968 -694
555 -325
431 -235
37 -508
484 -433
244 -267
805 -153
87 -530
927 -816
375 -461
630 -661
955 -733
611 -644
327 -552
546 -602
355 -728
752 -939
120 -251
269 -715
19 -371
70 -560
623 -933
978 -575
496 -486
856 -306
83 -921
738 -452
954 -471
873 -822
553 -731
649 -790
345 -267
940 -313
92 -709
846 -263
93 -270
241 -947
616 -464
268 -908
169 -725
52 -52
7 -444
666 -417
234 -834
202 -792
8 -990
263 -493
83 -801
53 -408
790 -125
976 -221
270 -104
722 -962
676 -466
643 -53
48 -604
255 -689
675 -376
618 -902
350 -599
691 -612
374 -294
712 -585
701 -248
348 -463
471 -636
87 -620
120 -504
675 -830
366 -171
831 -48
642 -431
238 -971
126 -999
664 -325
316 -718
385 -76
789 -970
242 -45
512 -817
358 -966
793 -639
681 -109
480 -146
893 -606
295 -350
198 -30
579 -717
925 -246
222 -55
325 -179
855 -204
282 -946
944 -180
478 -931
35 -931
668 -858
664 -23
809 -118
999 -422
298 -635
83 -83
212 -68
624 -837
37 -893
550 -726
7 -642
429 -706
534 -635
527 -746
51 -655
558 -60
850 -864
987 -299
507 -648
909 -769
568 -35
986 -758
416 -647
470 -980
368 -450
904 -183
768 -782
488 -900
69 -700
589 -889
814 -935
124 -980
996 -566
352 -799
482 -74
112 -672
288 -501
751 -169
633 -514
711 -644
688 -863
53 -917
189 -269
322 -842
666 -629
392 -989
16 -278
61 -458
62 -152
691 -181
286 -43
337 -95
251 -771
36 -586
695 -240
822 -153
986 -339
77 -199
827 -618
388 -246
835 -947
896 -634
988 -486
277 -805
790 -579
818 -287
98 -692
117 -126
705 -567
108 -501
536 -788
622 -609
225 -756
765 -402
384 -917
910 -559
209 -949
864 -645
522 -431
182 -524
488 -768
624 -4
177 -242
674 -249
275 -671
87 -939
147 -591
450 -727
206 -980
899 -292
513 -407
103 -10
250 -7
180 -655
692 -909
917 -509
42 -828
689 -506
601 -939
461 -589
685 -634
67 -564
644 -167
482 -845
204 -193
994 -963
672 -704
889 -386
141 -793
2 -106
242 -438
713 -304
853 -433
924 -972
112 -189
817 -727
77 -61
987 -379
276 -578
292 -314
178 -433
206 -140
871 -273
687 -923
118 -547
735 -533
276 -723
44 -983
570 -489
13 -62
340 -917
276 -668
424 -680
242 -770
521 -381
671 -390
674 -452
580 -668
550 -86
417 -245
669 -539
619 -212
290 -995
589 -513
339 -453
55 -353
564 -945
333 -572
677 -964
641 -965
828 -772
194 -898
387 -375
470 -97
368 -170
278 -263
575 -606
445 -423
890 -916
489 -232
772 -171
942 -274
505 -595
331 -105
157 -540
908 -840
534 -302
918 -67
616 -704
299 -561
376 -907
811 -596
626 -239
211 -81
526 -435
255 -920
229 -348
898 -114
812 -516
455 -861
409 -242
246 -425
972 -436
537 -649
150 -715
526 -564
673 -108
667 -226
873 -718
218 -808
50 -268
799 -895
309 -442
130 -311
759 -74
399 -317
561 -951
842 -105
201 -805
802 -967
123 -176
887 -27
342 -388
304 -274
984 -575
978 -167
321 -895
838 -142
979 -311
121 -678
890 -443
515 -735
441 -106
976 -292
236 -151
344 -174
745 -252
656 -949
568 -314
700 -680
390 -862
368 -889
904 -785
475 -179
652 -394
747 -178
385 -372
899 -297
168 -321
138 -484
741 -997
426 -32
9 -899
596 -715
608 -864
979 -12
518 -262
348 -406
774 -880
876 -205
227 -684
219 -158
505 -102
644 -458
23 -216
967 -947
524 -805
470 -935
599 -298
794 -720
445 -194
202 -231
4 -146
44 -879
167 -196
456 -389
216 -477
567 -671
799 -537
573 -356
857 -21
977 -950
849 -484
73 -759
895 -998
58 -806
345 -337
177 -332
918 -933
680 -240
303 -117
725 -579
697 -331
615 -717
980 -14
201 -98
634 -330
629 -862
13 -490
871 -404
394 -280
163 -841
834 -676
569 -105
271 -198
213 -404
903 -455
826 -572
801 -576
532 -938
233 -98
839 -600
430 -4
832 -338
209 -48
488 -768
687 -225
303 -234
612 -667
684 -775
859 -70
696 -251
407 -118
394 -906
587 -170
979 -955
461 -795
402 -137
813 -159
820 -660
900 -47
741 -378
393 -976
818 -284
373 -510
133 -140
417 -444
253 -62
536 -450
549 -678
678 -141
991 -951
98 -206
312 -999
344 -942
209 -770
455 -939
947 -249
660 -726
980 -152
68 -871
903 -648
543 -690
949 -60
833 -674
856 -657
969 -111
681 -478
607 -825
420 -880
216 -660
570 -952
79 -765
48 -878
654 -897
929 -735
453 -539
904 -492
626 -935
115 -755
51 -846
695 -418
259 -327
902 -616
638 -963
939 -763
77 -395
655 -618
260 -353
295 -959
331 -590
514 -237
424 -876
575 -274
253 -472
925 -9
187 -815
256 -745
924 -260
730 -380
840 -127
839 -639
369 -528
280 -884
367 -298
230 -381
192 -286
641 -647
40 -675
192 -994
874 -366
501 -897
503 -15
87 -502
516 -284
341 -839
272 -949
81 -269
46 -859
66 -882
466 -741
480 -269
310 -432
151 -824
171 -498
32 -192
101 -795
321 -993
