100 5
77 65
575 78
285 71
555 16
56 48
217 10
535 12
446 48
412 71
128 72
468 37
480 62
279 56
125 14
438 14
130 71
207 29
400 39
329 21
88 68
355 77
450 23
261 12
345 49
291 14
483 30
395 7
493 25
544 74
563 41
508 25
270 7
309 20
465 69
513 72
369 32
98 51
539 67
76 34
117 58
108 65
254 52
390 10
382 9
301 38
341 26
581 54
169 29
70 46
182 76
61 68
188 18
551 10
67 14
226 72
316 47
227 37
431 59
320 60
198 58
425 27
48 67
490 77
249 56
558 16
583 41
473 11
231 59
202 8
149 77
86 56
391 28
417 40
522 45
406 75
191 40
326 58
211 64
529 25
361 8
166 19
383 76
573 74
503 65
290 36
142 9
565 55
123 31
460 37
337 8
240 39
462 24
136 34
174 14
373 72
350 27
99 40
156 33
540 35
171 66
