1000
300
160356
328506
625020
675812
824479
587094
289480
363052
801691
219006
581850
1363
616558
170804
334320
307276
77249
400574
678991
312269
80847
851249
44694
447142
282059
854746
862423
283937
160422
487070
53959
56272
112419
411215
570433
619528
346470
276022
128782
669705
679148
394191
776694
825033
620762
626894
296194
852500
645357
488897
167915
286706
372009
530215
260243
126016
421347
639866
825437
425409
350914
555073
442888
473248
85575
267857
457356
371176
24520
252249
349424
162008
734032
410956
294898
493399
42185
92236
416893
599355
501041
29224
444712
243000
277680
124113
541562
248224
207256
240412
493293
316455
504761
694664
460135
595896
2006
353329
751306
316323
151450
615823
298939
3443
749895
685555
519535
170327
852681
233621
499153
260731
453786
376416
686662
513041
809571
64837
326656
327212
281279
31001
761051
465647
478727
600926
829421
700486
737629
278626
463843
583169
670363
633762
333790
693175
271857
411613
112569
56225
609658
510002
711027
809212
821869
134324
477316
122684
397071
184254
794499
488622
712901
374087
82771
573009
321683
189511
290799
792061
614136
186067
326687
857589
292255
771938
302572
359695
835224
394923
737375
409482
600083
652053
553110
471976
17425
550300
27883
273488
581411
821272
266174
734687
364391
245497
15970
1953
761995
611558
724070
408009
731211
30941
442124
507230
266991
354472
620840
846672
513302
184509
356415
329427
813250
682619
271331
143075
768154
109054
303853
846825
533308
711359
375567
524211
479720
383273
171156
801805
62813
731190
830929
77437
514953
191919
339736
708710
61599
248004
374776
332214
231929
685069
9663
704812
750232
86148
810436
515024
453905
240141
720281
694598
203030
163388
526335
292314
169738
244644
164352
839482
86411
416001
403712
616780
698539
387449
420719
672486
541922
859100
778443
628598
317767
120582
695579
598285
756593
747546
267936
424835
651902
4834
560423
150171
723320
463134
121241
17150
471294
116864
409116
354658
117867
759211
189075
115453
185135
732564
447680
771790
529423
172942
267534
324518
496500
533209
548516
248164
855743
8370
112118
498985
862431
820398
551708
457865
129472
324665
546331
812001
722450
560854
147395
744857
696870
744130
606327
595095
314551
813458
525557
144684
583225
844968
39016
267637
804829
608268
468553
574067
480488
388880
597986
697269
422372
830471
252298
504101
528589
5900
682940
533549
404277
769190
117428
814145
825328
668587
78088
613374
642322
196843
273814
458062
333872
34191
645641
790712
726983
592379
486796
524690
421073
45422
374808
381650
415580
471999
680264
368246
37609
347951
435035
149319
122468
801404
421517
572631
612131
734198
41667
516354
409862
349217
396185
61598
642876
126385
842591
641414
330302
167345
44931
366218
433799
127899
199160
706423
637130
546756
489004
638468
30252
292840
448278
695064
852483
703527
719471
33946
713831
743947
731762
29166
443417
563740
334073
380094
424317
328218
225013
826033
104607
738321
54
170948
639410
549659
420692
531305
412400
627715
321408
289749
67422
83576
342098
14370
571751
42991
219621
391121
265870
168022
635947
368118
728553
256546
758822
421303
773939
197277
22569
56337
485526
427214
719984
712724
461940
180374
11444
48017
209986
516494
229076
551927
14826
857514
764175
103601
464597
154188
594010
338407
763440
414803
602412
344960
546467
751408
575101
536853
302552
363950
46667
166783
382745
549973
293439
480268
77848
102585
806581
323841
591518
47885
142142
411295
492083
343443
810082
624341
481872
488430
354665
218431
119160
826789
823118
100368
232342
765836
218459
81504
89254
153411
810348
106137
461001
230619
757448
294417
22034
717849
464673
540508
6551
845580
732323
785336
517585
121715
206919
616790
848482
693305
708707
365321
735341
460225
372065
862093
614655
653036
30811
360681
72919
751243
517962
817938
302117
467806
465758
75786
765757
93903
703084
335639
508198
383984
768724
390916
472395
641415
242122
363373
292391
458732
709666
558112
551409
453170
77914
745074
314790
572155
548901
738164
372450
281601
334808
528893
755227
237565
200458
761832
802975
481608
636756
354371
200810
716884
160484
602321
486461
153030
448358
559839
528932
249246
662399
848893
410754
631293
254638
204331
207701
112476
845632
155287
146773
361775
764911
602488
558896
576102
324259
786475
635487
166116
252016
536919
533944
285374
715825
499809
201120
264614
816882
643127
542818
95497
630608
320873
510343
263449
100104
142156
652378
286109
815659
528126
460148
152245
28593
19021
708802
259214
398636
539018
705343
699057
725504
559285
601495
445089
689228
434227
537705
461013
791911
758679
114656
847583
435037
164087
575805
130281
427083
602306
678730
657174
850257
11636
448141
524317
227642
552420
131959
510606
137753
717858
494434
51322
644269
349748
410825
378163
40807
846033
416159
794000
284947
757795
351023
13070
333895
447317
103180
299788
232684
792320
795070
230292
828541
131823
613255
232396
216900
837576
359586
364712
741710
417075
452935
203
282491
464235
544397
371185
550204
589941
639243
487084
445496
232467
556143
818580
79924
532555
647176
480465
577693
598518
313458
256230
188180
99745
290567
826610
130921
675082
344834
626825
469891
794251
627034
15692
36058
191780
269219
52707
519515
321504
819978
348401
280025
771262
564643
543543
480788
789799
158500
93778
457455
437105
51294
157955
62784
602831
686969
290232
16165
649518
284919
731271
54793
27595
257236
747223
353241
693113
87173
555474
76995
553724
730563
843470
614595
693522
754576
845137
631907
844714
174145
38295
238176
373829
70330
416275
120742
145245
411192
98243
394876
6537
546833
401110
405736
731550
190998
736692
689439
381980
662976
251747
487640
856113
755261
127844
640559
324560
769436
764392
121126
443022
842251
45520
225799
287814
486877
125455
384811
109031
797202
509737
694835
622004
87220
7027
372913
37248
575094
335646
489304
149383
73438
559887
263376
729969
412755
782790
635455
598589
781303
230840
617823
57248
75573
311750
265047
198420
73530
688121
20383
402625
651319
412327
64539
837339
329573
94604
825648
348068
337555
120907
724239
583288
494235
783117
613523
308438
423708
369108
279626
303783
335857
641637
366918
221926
506931
59413
755824
305276
772566
478001
380989
449578
795622
122665
313298
500753
702563
57528
540819
344895
836069
628585
407124
592757
541403
276990
595480
832010
173588
67021
51577
642363
586398
506142
495675
494777
297620
674045
420985
747926
248703
470286
753292
479537
769664
191910
5467
658087
495735
566050
783825
768940
35377
31365
633388
37911
762147
695925
558160
422205
382193
597438
100595
109798
329402
473326
742947
228602
90742
6700
647860
39662
431999
130087
662147
640158
541920
501271
469871
130165
749888
837058
90251
22819
644759
698950
679297
598439
410252
386849
301197
684678
835469
84492
529434
194895
417359
722925
539059
397088
184894
496542
289199
556687
477258
667645
610137
518298
751497
346155
415180
429219
