10000 9
6476
6942
3027
9127
4619
7502
2800
1598
5941
5093
2333
4047
5670
7311
3443
5943
4899
8943
1501
6585
6960
2519
7572
7996
4802
4645
998
9274
8618
6294
6376
7975
1658
7453
77
4433
4968
1845
3612
718
7099
1839
4198
8998
6114
5983
7378
8233
6746
9932
2642
6581
2030
8364
736
9217
4697
1822
2650
6216
9205
9073
1467
1836
7496
9936
5992
3461
7660
5400
3065
9069
3631
1166
5649
5265
1606
367
3321
2979
739
7018
201
1461
708
1192
5526
4342
5939
4351
9680
7896
4757
8998
9248
2416
6717
7516
7935
5867
9521
6483
4739
6345
5000
6700
2601
9701
8633
4767
3362
5547
364
8204
4474
9780
4000
1766
7445
465
8122
7049
2995
4802
5143
6575
4470
9923
8946
2279
9011
6715
3980
909
7494
1196
4807
2328
7384
746
8325
1974
6834
9821
7854
9801
6562
6879
9794
3378
4429
2128
891
7789
5170
7887
7120
2958
6639
6003
7128
4534
4610
1815
9866
5120
3333
9019
2847
3248
85
2354
8630
9568
9161
5493
7418
556
549
9951
1547
9201
5888
3502
9577
2971
4682
7796
510
8581
3781
1581
5194
2201
6252
4162
4947
133
6299
9253
2505
5423
8286
5481
8548
840
6279
3545
6827
3011
98
921
2969
2496
4330
3170
8847
8923
9355
748
9375
4194
743
398
5480
6788
1908
3602
7761
5589
7379
8264
1252
4602
9621
9684
3494
964
9687
30
7657
3437
7360
4373
3455
4029
4107
5371
7209
6646
6973
8270
8567
2371
5976
8903
4207
4701
5242
963
9231
3264
7113
5599
3011
3584
8088
4369
2454
9803
3019
8370
7180
1322
3114
7968
6134
526
2643
1811
6007
4201
4261
134
2602
3602
6638
3470
200
1703
9509
6310
1523
936
465
8904
7170
1451
7549
4845
7491
3150
1578
5938
6346
2580
7536
8978
9195
7670
4245
1322
3654
1492
1221
7323
3475
6619
5927
3049
1338
3119
2628
1573
9077
8901
1758
7009
9365
903
9294
1412
6734
5855
6260
6061
5451
3648
6398
2176
8967
3554
5752
7960
3799
292
649
3985
8037
856
1316
4322
5572
4451
334
8860
3485
4756
350
1576
3257
982
9294
3739
2756
9621
478
2050
8590
5599
2031
5213
250
2719
2820
8980
3363
930
5258
7059
3703
4358
1516
5175
5726
9687
5067
3820
8698
6172
5588
8766
583
3295
4388
5237
3450
9622
8846
5449
2903
9151
710
6727
6164
5462
6522
5238
4813
3070
8380
7237
7618
6971
8111
1147
3562
580
3536
4072
5912
9176
7141
9433
4093
4111
511
9952
7313
7856
1883
200
7174
5027
1015
323
9223
5945
14
6319
3856
1077
693
9321
4057
3903
2355
9562
8144
5434
2831
3798
9966
6710
2720
3807
5091
6748
9750
7465
7773
3802
2728
1351
7321
7617
1987
5347
865
5465
4494
9957
4961
6494
6468
1255
8890
6916
1340
9242
9542
1566
5306
5285
1151
6066
5663
537
8063
6312
8859
3949
6958
5337
8530
9068
9419
9647
6495
9745
2149
8434
9227
521
4375
3470
7006
1885
1235
7466
5397
3335
2243
7914
2923
1152
1879
1594
7202
3733
5714
4772
4185
3208
6604
1925
1160
1366
3595
1805
7711
1619
86
4821
7439
4879
5317
5747
9952
5755
5807
4932
2170
7234
106
5115
6857
76
7147
9045
9933
4296
4556
1922
724
4583
2195
5760
2736
9486
5340
261
3635
9625
3151
9223
2139
3765
3511
6464
4231
1885
1886
9650
8374
7014
4086
4221
5737
8847
3481
322
2699
1191
2119
5848
2671
4843
3372
1589
4974
6236
7074
7873
3983
5010
3709
877
3890
3525
4831
2189
2174
7352
639
5934
8589
4640
7454
4144
5967
6212
8257
5669
4145
8315
790
477
463
2759
6488
721
9680
7855
2128
7839
9140
6328
441
8811
6432
3076
4655
6288
6283
7209
8276
4601
6919
3844
3612
4007
7974
583
2499
7217
1244
6267
9076
4469
9956
2015
8720
7168
4073
2096
265
1485
9996
8691
2103
6119
3285
6785
6152
1762
2146
980
8179
5506
3720
1340
5745
9911
9339
8674
3314
8958
7997
4294
2305
2271
1026
5365
8376
8208
6045
5115
1520
2561
8146
9627
7798
1613
6416
2788
709
8754
9167
4145
763
1214
564
376
9971
6832
4387
9554
8020
8
4392
7013
7872
5025
4904
8355
6378
5044
9406
3541
7840
2759
6597
1266
5378
6848
6931
7143
4533
7980
2691
4739
1044
5168
8016
1776
8426
1610
3966
2819
5729
3834
1115
86
1030
4309
1182
427
8832
7574
4369
7821
4765
9162
8061
1585
1088
5349
1498
542
3773
7594
3571
8042
7689
9529
1383
1850
2603
7635
2170
3595
7367
146
1385
3966
4390
1884
7917
3116
9209
6499
4372
9971
1727
9310
7021
6725
3118
1308
1411
3738
4238
6957
3002
5940
4969
6814
6723
4264
3413
1357
7779
9611
1959
8579
7685
3325
4872
720
3018
4302
2368
5940
7860
3010
2217
6951
2894
3886
2575
9106
9652
8945
6661
4823
2901
5034
3354
8349
1071
4379
7529
3931
2775
6644
3103
3459
9062
5493
5069
2101
5369
4554
9444
2611
9062
3099
3123
7625
9778
8149
8578
4410
691
2535
7516
612
7426
2290
2852
5815
1791
8691
7425
1921
1685
1129
3052
6850
5595
696
4267
1266
5937
836
8759
3690
9975
4603
7143
3737
3986
2974
2098
5302
1659
9989
3342
2332
9861
946
4842
2582
3490
2462
6441
5693
8599
6776
1209
3089
3024
1287
1017
5922
1737
7749
9959
9595
8926
974
1319
8056
3150
3034
9805
4282
9175
8129
9459
3234
3872
1124
5236
6241
352
9916
5648
2588
7188
9655
1732
8435
6015
7011
1297
2370
257
7147
5647
3832
4403
4283
9916
6276
3726
3622
8048
9921
6973
6472
8991
2968
8845
777
5189
2811
7785
8217
7773
3149
7787
3678
3471
3740
6177
6225
1727
1285
5476
4038
9463
6788
2278
1987
2492
2469
2471
8603
7214
7146
3843
4047
7185
9161
6818
994
5823
575
1119
9774
5283
7270
2241
1559
4942
2221
7782
9291
7642
1262
975
5168
6712
8235
8096
8715
4739
3805
4189
6800
144
7028
197
8073
4115
5174
3691
6039
6465
9553
1021
3549
608
3014
7084
6471
9985
3631
4403
9528
2765
8420
5327
9765
7438
6976
3487
4438
8904
1954
8611
7517
1954
8781
6563
4737
9550
8657
4253
4078
4927
6242
4070
6774
5529
8780
5370
239
2862
4149
7976
5512
2407
9326
5616
225
1518
2672
5993
1398
472
8265
33
7249
8647
5282
2569
8155
3036
1963
9139
6708
4331
948
8606
5861
5235
1039
1540
2656
3782
5070
7115
1471
5280
3626
8373
8282
8347
4824
8372
1687
2185
1381
4037
597
9035
8016
1108
3071
8506
9236
7417
4535
8095
8843
1588
1729
5718
3142
965
2142
2066
5423
7554
7177
5819
8092
3734
179
5473
1245
5740
4854
3080
9311
8758
1828
6986
6588
2653
6237
9583
2679
8940
379
1952
9003
6130
2238
553
6517
6561
5609
6859
1454
7102
7759
6857
601
492
6465
9538
9573
3239
9167
6499
3407
3090
5732
6464
3118
2430
1146
4566
3984
6137
1193
9063
3813
5826
4272
442
6694
1191
209
9416
337
9786
4010
3850
532
9433
3844
1456
7958
7122
4899
4064
5878
1360
2854
9069
1587
6769
813
5
4312
6338
2617
8619
9452
8202
9754
3267
3287
810
9684
9928
3309
7719
7627
1220
2902
8802
6187
4264
7757
9512
6400
3801
6344
5118
1062
6969
4672
5862
6321
9410
3620
1417
9613
9552
4868
343
2960
6440
7455
4237
840
3953
4788
4291
8085
6844
2625
5198
8256
5215
8486
5231
8923
865
2950
2855
5805
7938
3541
9309
7207
8432
9752
7795
1856
9431
5382
1511
7451
6022
8836
4534
8356
7086
1922
4742
5659
9938
6551
1094
8704
2820
1426
7991
8794
9397
1522
4037
4522
7238
6123
2843
8067
4390
2754
2616
4461
8269
4281
1858
615
6742
8675
2253
7429
2505
8547
4836
51
5025
4805
9928
960
4138
3066
1406
2794
5335
8056
8756
519
3177
8936
5362
5702
3010
4704
1227
3852
9560
6330
7287
9522
76
7879
5740
5567
3028
7772
3373
9471
4551
5818
1078
421
4113
6077
3706
4847
3490
5184
7762
1034
1904
2161
4644
1506
3036
533
1729
3472
7522
5434
8294
4709
5292
2306
5476
8476
2028
4354
287
9631
3935
1576
4777
8583
3477
9062
1671
1648
739
8936
5396
3470
1577
2080
5519
9318
8491
5566
356
1401
5224
6503
8981
3442
5374
8511
3426
6698
4156
115
6436
5676
1359
6904
9551
7145
5404
9441
6978
1106
7898
3571
7417
4885
280
4965
2031
9315
1446
5231
4413
2374
6869
3597
7681
2921
9246
1465
7332
3866
4004
2116
5259
7238
5336
6677
6431
4676
6103
7444
8424
5953
5002
3655
9573
3579
1107
4509
4499
2976
7837
6804
7611
6487
8065
9325
1230
5600
5770
5064
2539
596
5108
3133
1106
4715
1814
8203
7559
672
2303
7126
1981
7632
1634
1188
4897
3142
695
5342
3337
6412
8563
2784
4087
221
7008
4181
5161
3465
7872
9561
980
758
7680
2999
6970
8482
302
9407
4908
8381
8957
9372
1943
5739
1090
9677
8043
3478
8902
1360
817
6884
6892
1329
1755
7385
4565
9809
2723
7577
779
1274
7727
6342
1044
4776
4601
6884
4253
7561
9370
1696
2303
4818
7259
1883
8180
3285
772
3115
6367
3205
643
3903
4306
9971
1880
4822
3534
4819
6101
1956
3043
693
755
8495
794
9735
2041
1537
8778
3355
3994
1842
294
4371
6594
5485
1301
4583
4978
3475
1379
2160
3094
6895
5933
8666
1055
521
378
2878
2291
1494
6770
8301
7867
4756
8418
244
9648
2020
7092
4567
8839
4222
4323
6888
9474
7760
2191
1033
7262
6650
183
1073
6993
5171
3517
148
270
6900
3542
3155
7292
4184
6543
1764
5016
9796
9274
1028
6576
7982
6537
9571
5521
7175
2782
4551
6921
5545
1159
3657
7954
6562
8218
2883
9078
2577
7517
9494
1076
1338
5621
2670
6021
783
7765
1156
4431
8375
9982
2904
6283
8965
6824
6605
2692
2690
8504
3838
6768
6678
2820
1660
8061
1122
1916
6452
3808
1436
7837
730
6557
2984
7269
6273
1758
4308
7774
2524
4504
9002
6227
2697
4126
5200
2737
2623
4057
5648
4106
8823
2802
4542
7055
2784
6170
4690
8312
14
9664
1155
9629
3607
1409
7306
3768
288
5541
7504
7246
3888
2962
7284
4227
400
3839
6791
628
1966
2009
1520
2164
2921
6562
4660
5668
3686
599
76
8327
2746
6801
5991
1161
3908
3651
7780
576
9766
1123
1419
9357
1467
2254
6117
6505
4593
9960
933
5138
9224
1587
6499
4836
5480
9096
2992
6628
3981
5886
9950
6167
8348
8991
57
6220
4734
8619
9125
1571
4198
5174
5650
526
9621
7843
3984
8906
6476
6853
3519
1853
2219
8435
4110
3291
8881
2347
581
4009
422
4761
5817
9510
9484
8445
9444
4958
8033
793
8510
2148
2650
5026
7287
3020
7846
4027
2099
7811
4631
870
5050
514
4452
4523
85
5351
8443
8307
4311
7003
5032
1408
1214
9580
6227
8755
1173
9615
5712
7676
5307
1081
1528
2543
1515
2099
6536
4593
1218
5462
6743
8075
2642
4025
8097
2251
3025
5992
2265
9760
2654
2738
4799
5528
9984
4533
4068
854
5200
8838
4906
7444
259
5882
4202
5930
9821
2989
7130
6049
711
1046
3225
3348
8857
6949
6911
2460
5912
2944
2114
8246
3219
1125
8528
3170
9838
6740
3198
3794
3520
6368
1277
7813
4047
5381
1320
7617
9401
8097
4296
748
7270
1650
2324
541
5083
5555
4356
5956
6030
9121
6622
7980
8606
3548
4228
7464
5029
3982
1512
9177
8597
3611
216
9489
2044
6046
9346
395
6371
1153
1030
9892
6901
3403
9993
7257
9714
5415
1451
5474
8871
4315
3397
1586
5220
1578
3060
4198
9963
7504
9065
935
428
1180
7568
2713
3132
867
4399
46
9611
7335
6855
550
4016
76
1243
7070
1011
271
5351
375
6784
402
3205
9958
3040
8399
7147
9482
3238
9982
5306
4774
2198
2520
2644
8106
7583
6405
8090
8355
9900
4510
9136
4888
5962
8185
2419
9336
4003
5343
6933
2911
4768
8838
5579
7593
6025
3949
6240
9705
5753
5395
6486
7152
3351
9625
1259
1358
8446
7600
2317
7843
6019
6173
6807
3235
4284
3651
3085
4343
9867
1713
6183
6246
1896
5429
4910
4119
2560
5644
7782
9936
4522
2119
6920
1153
7064
4744
873
7266
9402
2549
7381
3886
7083
4698
6698
9393
7955
705
387
3642
9129
2116
5793
4661
6036
477
5779
4337
1389
5416
6618
9738
5072
2164
9978
6778
1637
4113
2999
7940
7775
914
3595
5625
5499
3205
3478
8197
1438
2664
7987
470
2845
8807
4282
6021
4525
4797
2038
2641
6688
180
6280
1204
2531
7225
4241
3758
9730
6832
6383
8654
3983
2115
2397
7960
3456
3090
5938
6143
3633
4839
993
6842
233
9848
2890
954
6519
6465
5271
6584
1630
7324
3817
7966
7965
5936
570
9099
5673
8658
1550
2448
8355
4026
8501
182
8234
4764
5436
52
2484
9787
6087
4458
9092
7402
4966
2188
3478
431
111
7044
9481
4135
4417
4905
6437
6546
7125
5304
2768
9281
234
219
1051
8360
6619
5648
619
2281
439
4084
1041
1670
9553
4577
505
2253
856
3395
1699
3148
8939
2383
7722
3222
4573
2300
6219
6130
6009
9894
4679
2128
1547
3129
9098
7658
347
330
6028
513
7017
8088
8718
77
1896
8862
1008
2195
5088
6358
952
9452
3213
9426
8904
9401
9441
9661
6185
1784
8924
1915
4438
1271
8738
236
2900
2845
8288
5869
8946
6042
5734
3912
4136
8312
3825
4205
9707
1317
9881
2600
3177
4100
6141
3063
1349
9777
6265
9283
1417
7951
5003
4442
3332
8463
2880
973
8559
9856
3866
2615
2859
2114
6244
3550
8909
9513
603
1113
9180
6635
1232
9500
9001
984
3462
3363
5713
9952
2327
9787
8163
8036
1374
5377
1409
6904
7385
3798
1654
8686
8666
9343
6078
2692
5089
7122
7498
1228
1013
9383
555
8401
203
2133
6102
5048
5968
9031
5887
4859
3247
9185
5892
9393
483
5869
4309
7124
6018
1484
6388
8082
8488
5894
3912
8807
193
8780
1981
2262
3095
5562
2623
7091
1088
2987
9504
7380
8113
8496
706
4840
9709
6899
7454
4309
1444
482
348
7031
6486
641
9129
3604
1656
5884
6395
2083
8733
928
7183
6663
5349
4778
8889
137
3846
7455
434
3524
3858
1770
6024
8292
4913
5264
4090
3198
3167
231
5756
2283
3682
8613
3240
4074
4210
261
3105
1245
6642
6650
5674
5536
2468
9424
9364
6146
5309
4397
2053
8372
5789
6285
3659
2519
3675
5387
8688
8548
794
458
557
5666
211
9207
9679
6797
997
824
2546
1263
6263
9030
148
9323
7722
5346
3028
5195
9626
6013
5630
7236
9848
7509
3508
7212
7223
2570
9029
5389
8887
2354
5782
599
1269
898
6945
4093
4273
3545
8951
2773
3528
2190
7914
7682
5164
2832
4129
9248
6669
6849
5110
5366
3207
5318
4196
6346
1069
8405
7741
8879
1984
1009
4967
8106
389
8340
850
3970
2663
7147
6951
6209
1004
972
4209
3610
7955
606
6256
8183
2645
3960
9095
6953
8915
3235
5667
638
9
439
6974
2262
3723
917
562
9237
2612
1068
2819
3293
5423
6642
9344
7718
2712
2225
4742
9956
2028
6502
6646
1926
6221
8445
5732
4576
5909
3882
7561
2114
9143
3018
6503
4328
1324
556
8799
5438
7193
2974
6941
6153
8604
1280
9116
3288
1498
8141
4216
8481
2828
2495
4912
2894
1742
4494
9898
4412
463
9092
6398
4112
5730
3976
9765
8104
6696
2503
233
7511
4647
9960
5286
1447
6501
6858
2642
123
2034
5167
6239
8863
1216
6273
84
7180
8715
7118
8561
400
6325
983
9192
2600
8705
2788
4160
3407
146
8606
5450
6674
3791
9267
3107
651
2712
3583
4161
6509
9699
4032
903
1581
9254
8562
7522
6386
1167
9004
1582
7032
5807
7055
2850
7884
63
4905
2603
2954
3040
9241
8181
6008
5005
4887
994
177
1956
8988
445
7164
9868
2315
8940
1460
6480
5880
4486
3149
1976
5579
4192
112
3869
5623
667
547
910
1377
386
2745
5629
3579
9338
1444
5075
1613
7931
369
5338
5209
7119
9691
5774
5050
5575
6444
7562
3353
3236
5307
4078
8532
5730
5013
7783
1288
5979
3919
7494
5091
2170
6345
45
5466
1554
3747
2473
3323
7909
6131
7559
6634
850
436
3651
3287
4065
4555
5536
3686
9338
8710
8487
864
4566
2069
7745
1029
9152
4879
7287
6095
7291
3031
558
9203
4060
6562
1915
3942
6187
1231
7495
9627
5641
187
9167
1297
6684
4288
9363
8835
3010
5713
5476
8472
9213
7200
6456
5342
6971
672
6292
5105
9153
7557
3105
7442
5069
9787
19
6949
4429
6136
3696
9610
8681
3470
5462
8208
2558
6387
9853
6133
7868
6305
2319
3245
8977
6376
7668
6908
3581
1840
4414
7105
6977
4301
8821
6556
6551
2075
7588
7092
1209
2612
3947
6453
9147
3580
7441
7911
5608
8332
6817
4678
6316
8288
313
7748
7955
2443
7942
2288
95
2191
2278
2990
5400
975
5746
1831
3572
4197
458
1369
2008
2036
951
6397
309
3550
4258
4768
4161
5064
3000
3496
7203
5889
8821
9062
3061
5512
9113
3224
1838
9430
8339
1808
8926
1842
2310
6702
366
2486
8591
9524
4608
7683
8878
6223
2554
2969
186
5738
2546
46
3816
4124
8087
2460
3282
9324
2585
5841
3165
1862
7377
1439
4191
8766
1870
9931
9328
9080
2652
3997
5671
8778
3170
2935
6353
2187
6759
8278
1499
191
3425
3354
4852
7471
8737
6252
9301
5399
2838
6259
1601
9513
9407
7955
9303
3330
6305
9277
3422
1123
7823
5087
2105
5957
4293
1979
4724
9079
4
7395
7812
9818
161
1825
4835
7807
3683
4212
6113
4951
1322
876
375
677
472
888
752
1028
1775
2297
4541
4716
7380
6106
5444
3646
4524
5512
862
7168
9492
3708
6620
4928
7204
9039
461
7369
1939
9914
8192
5916
7483
2117
9145
2759
2090
1605
7424
4383
5630
354
7655
3847
363
7187
7330
6252
2088
3271
1876
8582
8913
9190
8635
1118
1020
5844
637
2940
8030
6940
8344
557
1454
8979
7640
6506
1346
7264
5404
1984
2037
1682
3532
6635
6751
6817
614
2086
3717
2264
9894
8478
3185
9870
1277
7236
5055
946
7627
8058
6667
4722
3060
3758
6946
3287
7521
825
1161
5308
1636
8688
9060
1636
5619
2693
8432
6722
9334
1110
6631
5786
8211
6216
6433
9504
7255
9630
632
3931
5539
7134
7206
4881
3055
1470
9293
6687
3897
6593
1914
556
2763
8866
6050
4293
4641
2635
4050
1000
4903
3129
1712
4379
8093
5514
8797
6756
181
1494
9699
6479
2707
1692
7637
2764
539
7186
2918
2890
885
581
908
1530
4844
4295
1291
7985
6124
5401
6526
9754
1801
977
9876
8464
8723
5032
5394
6824
8627
6134
9697
5759
8891
92
3957
392
3191
6629
9831
2380
9979
6011
2602
4015
3946
6578
5872
4622
6196
9946
9325
747
7594
6879
8517
9948
4531
5311
1661
4802
3200
2329
342
5449
9944
1443
8258
1732
809
4218
7114
4867
440
6163
1823
766
9915
1680
3682
6719
10
2923
7522
3792
6980
5390
4999
1778
2046
9193
2548
8995
5710
9208
8171
6148
9480
433
607
3588
5533
485
4522
4115
7985
1080
2944
5069
9671
2735
1707
6001
6739
9647
1773
4379
6115
7785
1047
4079
2460
3925
2054
5350
1157
5686
6304
1219
9300
924
1311
4618
6871
5007
5644
961
5103
5507
9497
3938
9245
7555
5429
8608
3878
6267
403
1014
6055
2662
4313
34
5500
342
3102
7572
4693
275
820
1591
7292
9831
9175
6183
7368
2812
4850
9934
6760
1502
8335
4422
7193
9415
2546
3013
4656
6329
6286
692
4417
1916
7819
808
7349
5301
6993
4179
7150
5035
3871
8555
2381
4664
2463
5102
6694
8097
1223
3006
5859
425
6542
5336
9378
4990
3794
618
9775
1290
1730
2055
5973
159
5918
8986
8597
7342
306
4569
4463
3343
835
3850
9277
3005
7819
156
1656
9030
144
7714
5703
7193
3513
3905
3670
5172
1898
4571
445
1638
2468
5454
6488
2013
5880
2260
7381
1215
9637
3294
7416
7908
9162
4876
1250
6130
6878
2163
7696
9482
268
3856
1014
3840
7631
17
1273
2720
176
9593
2515
7981
1280
312
1634
7461
7152
7903
4500
1025
3611
1639
2267
6157
3657
7356
6867
9822
9019
3401
5311
1864
4082
4104
9889
6903
1601
7654
5728
3117
5492
8994
1003
3491
7670
4295
7703
2576
6399
7813
2636
7949
7982
9904
2367
7881
3097
8971
2001
6934
9936
2333
6743
5280
4168
4901
237
7618
3889
4025
3860
7446
8133
9647
1548
9136
3697
8746
7678
9296
5338
4702
5016
6779
4121
3207
8931
4479
7119
5466
5474
8608
7825
6307
5932
3547
3409
9248
5660
1747
7282
2528
9745
7254
6842
1958
7931
1555
3539
3030
8504
10000
1286
2749
2177
501
9702
8215
2151
1534
4644
7757
6876
6279
7011
4628
6522
5892
241
8302
8754
8630
3419
2209
4047
2236
8964
6957
8554
9788
6911
7636
5647
7605
7973
7004
750
4727
417
6190
298
7693
7274
8818
1503
8608
3833
50
1814
1053
4836
1476
8772
9293
9604
6612
6947
7740
4741
6864
1836
2082
6046
8759
9873
5053
2546
8676
8419
1947
8646
9451
5967
7142
9942
7580
2921
6888
8136
2150
7240
8495
674
9787
8538
5327
7639
1304
7673
1698
6108
3430
9676
6048
2313
3306
1276
217
2395
7776
8291
1111
4589
7029
260
8259
3080
9578
681
1219
8185
8521
9465
6711
7582
2982
5172
1500
5883
9443
1929
4493
5213
323
6140
572
5338
4216
4433
6706
299
7417
4080
5983
4330
1474
7648
6267
6756
9995
6470
462
3154
6790
3484
9226
6169
2427
7310
4040
4379
1796
6501
897
8771
4082
9335
5463
2026
4578
6122
3972
5118
3825
1052
4933
9731
9991
5077
4764
4469
2886
3657
3308
7336
6491
5507
8386
5241
9251
302
497
1159
52
2498
4833
8498
3030
801
4920
2465
9519
1484
6201
7157
3804
4557
5166
2078
6288
4436
6197
4959
3433
3334
2860
351
6240
330
8429
8163
4192
7524
6465
3458
204
7645
2253
4846
6849
8834
5062
6002
1191
3495
5452
2380
6464
8335
6404
9060
4347
5724
5045
9486
4046
3087
1994
1838
8458
143
6672
3268
1261
2887
7337
7418
3096
4240
6615
573
5018
4434
4331
3006
9287
2865
1757
7070
4971
5706
9244
1902
3580
856
6747
4040
520
3143
3056
7446
2572
748
3078
2880
1909
6536
3862
6975
9320
7609
5690
4866
4752
8659
6969
8395
3295
6057
8827
2852
120
1005
5979
1775
7754
3159
3408
8488
7510
8874
319
1268
4873
4023
179
9211
406
1806
3694
3707
1843
3718
2221
2287
3114
287
5355
7717
6964
8179
3073
7798
4074
9177
8300
4473
5825
3180
827
9513
9521
525
8950
5838
135
3676
9609
8715
2461
1208
4753
4766
8580
6637
5941
1162
3576
7775
7764
6655
8262
5450
462
3279
7046
3436
3818
5815
6
9593
5321
7191
1060
1737
8789
7726
5350
501
3817
2653
3328
2955
3849
1178
6060
8496
2733
8189
28
825
8343
8001
9452
2494
246
3649
8477
359
9414
5452
7814
1419
883
7134
4809
2026
8256
5571
391
2083
2936
3505
4683
4985
126
2370
8166
4857
1878
322
9430
7774
2593
6868
4490
818
1459
8257
710
6010
6581
7420
742
6351
3336
5694
9831
4248
7016
5578
2182
2552
9169
7976
4395
1151
8046
4895
6382
7483
3581
531
4899
528
7187
4558
4210
2400
4750
1647
9804
328
7963
4615
8808
902
6285
4884
8224
9820
6578
8897
5832
5601
4692
3796
9804
8874
4183
3341
9946
9325
2507
3780
8904
4497
443
7798
2055
6100
1760
981
7621
7041
5969
6673
5634
3802
6630
8301
7510
1903
3310
1156
7608
4939
4032
4999
2933
1487
7771
1295
5965
1915
8954
6431
8410
9946
961
5172
6023
3122
6453
5175
6126
7147
5792
9826
8688
6011
9223
4282
729
540
5664
558
1157
9415
6203
7008
3147
2419
679
1706
2369
1740
1281
9436
6284
4348
972
2722
5341
6647
6163
5268
3496
7135
9503
9945
459
1474
4443
6569
7453
3238
2152
2877
4199
90
9177
2045
4096
1450
6370
2161
3680
3061
675
5715
8105
1712
1744
5511
4841
6575
9392
8221
8186
683
415
5357
2461
7102
93
3654
8474
6534
8207
7855
544
8438
3098
6247
5811
6981
5141
8239
3882
1273
934
2605
6759
6153
3048
8005
9856
5982
4625
504
842
820
3805
1555
4141
7872
6461
7886
4062
5464
4476
613
7032
7718
3155
4389
5653
1734
6027
9067
8440
5761
4813
5128
9038
1612
1257
1057
3188
7251
7617
895
323
6150
6958
4500
7008
1457
4531
2854
3364
184
5309
8352
1547
8770
5169
5523
2023
4773
595
7554
99
2454
3049
235
2947
249
1993
5212
2532
1287
3666
6209
3742
4502
6653
3763
3912
6835
8479
5713
9592
6613
8995
7231
7065
4105
309
8208
2800
4214
4012
1778
3551
7037
7639
4046
3979
2695
2665
97
3495
8850
6421
1219
5401
3759
5120
7351
8046
5272
2837
6744
7008
5988
9053
26
890
1266
8322
6434
3453
3788
3857
1745
7125
1148
7503
8411
4647
5649
3572
8972
4662
5987
6035
9438
1993
4276
1414
1933
2872
9715
5450
2907
8390
6890
1917
7993
5862
7038
6695
6889
4283
6231
1523
9141
5643
225
7576
3417
588
5810
1813
1201
8654
3200
2409
9416
2469
3646
248
6085
8811
5154
9354
952
5609
9569
5916
2674
4030
7692
7741
1572
6027
2562
8475
5797
582
1904
5485
6117
1250
9880
2559
411
4062
3587
1332
6190
6688
6295
9299
2448
9261
5318
5857
7188
6125
38
8832
6022
4951
5577
4131
3650
7166
6392
5155
695
7920
3767
4133
9528
2795
477
9691
2256
227
5256
790
2570
3113
7620
7401
9641
5234
7523
8490
6883
7870
5092
3585
1845
24
4840
4076
545
4819
1904
813
8391
8511
4055
7678
672
4807
2180
5603
9927
3852
7696
1718
2000
7429
142
4409
9894
6676
4026
4843
1116
231
8497
8710
6030
9145
9082
9559
5113
3701
383
6822
8619
9383
1428
4310
7081
1172
7573
6431
195
3115
4090
4011
3903
9435
4791
2600
5280
1294
4973
4007
7222
3707
1858
3050
7125
6462
8102
2658
2525
7207
1962
7211
6353
3586
2358
7063
85
5819
4036
825
2473
1230
4323
6885
8560
9904
4630
6123
2981
8479
4820
8567
321
1328
4677
3415
9585
8674
2365
8712
8437
3373
9671
81
3413
8838
8794
3843
5772
2541
1561
5702
8799
3655
5082
9123
556
8971
1973
5703
3286
8665
4924
5529
8565
6810
6617
1955
640
7543
254
2804
3122
1802
2363
6509
3716
613
1828
1212
9053
9610
4046
486
759
1881
4206
6517
8201
7932
6999
9650
5382
8465
8211
4045
2225
5756
3226
8412
5616
8630
6115
2089
1364
8003
1159
1139
8857
7763
1826
5708
681
7099
1128
3251
148
8215
3627
5475
6333
1360
9125
457
4957
1695
2389
6347
4533
5685
5208
5140
8363
9970
8759
3904
8279
8895
2972
835
419
9637
344
4403
2352
4674
216
7701
7972
429
9141
2573
3042
1152
4715
1955
359
7483
4719
966
2911
8553
1938
5490
9060
2320
2639
699
954
7671
1831
5222
5348
5259
8352
2348
5249
2015
4144
2776
2587
5377
4288
7616
4219
7958
6419
6511
5361
308
8638
6272
2156
7882
1705
9366
7777
4547
3324
1406
4696
7494
1539
2119
2034
3204
3755
3506
7613
1574
8947
1424
9751
4841
6616
6694
8025
8329
8564
3474
5016
8488
6795
393
685
3728
2360
4766
9257
2184
8628
5789
1316
6938
8758
508
3017
7366
5546
2453
5103
5897
1685
4727
9823
5694
4919
8950
753
8310
4541
2759
2179
8188
2420
6223
2094
1237
1788
2131
4024
2180
8945
7522
7445
1623
3752
5785
5000
9872
3280
7200
1718
8430
6994
5367
7874
1622
9227
7808
7733
3633
8865
2516
3524
1839
3931
6078
2862
5071
6867
360
6709
7781
805
2180
4987
6981
5425
855
4153
3432
1196
3225
7115
9705
4579
2942
370
3063
655
1277
1970
6091
8737
1331
1287
4588
7282
8538
2781
8757
847
5122
1394
6739
9568
9611
73
6422
429
1862
5312
4298
5044
9660
4013
8512
1221
4712
2592
2300
6874
5922
8305
2639
8121
1274
7094
5418
2648
7837
6213
98
4513
992
4442
9021
3644
3481
6272
2697
1529
2219
7205
7995
8072
4288
5863
3382
7916
6224
6357
9472
3690
9799
1238
8508
1142
6235
816
9350
3123
4236
3068
6334
6385
6232
9216
932
2493
1349
5266
2987
2749
4956
2812
9994
872
8378
3148
6312
8450
1024
8004
894
4105
529
8030
5082
240
3394
1418
5061
2692
3929
6299
1489
3836
3504
5713
2537
9563
1093
1246
3325
8130
9047
6575
2332
8221
9661
7794
4094
7563
9039
9577
1088
3823
8435
2433
5219
6025
4750
1263
739
5204
668
4461
8325
4853
1001
2722
1027
7374
1784
4324
1173
5670
3104
8893
4817
6773
7144
389
5291
8950
5003
9338
6937
2067
2442
6378
146
5660
3019
3891
926
9770
2206
2819
4674
6364
3156
1099
4695
8407
8020
2037
1048
777
8716
8550
1880
8263
3479
4251
8555
8206
233
3720
4901
5384
2560
145
496
5493
2683
7373
7671
9151
7221
406
845
1803
5041
615
8378
9006
8891
3322
953
4407
3694
3170
866
2910
6245
1902
4282
93
3723
8114
4829
2243
8139
2423
7184
1105
9639
6856
2387
5239
6087
9178
4296
482
1585
2653
4247
677
1039
8516
8598
5166
9666
5221
1282
9256
1489
1470
8239
726
8715
9056
3650
3222
2378
8996
4210
7271
5548
4606
7199
9599
6326
4343
1173
2137
6704
5684
9546
7983
1258
1378
8509
9344
172
4096
6560
8753
5353
5875
8037
7035
9277
7840
6340
1493
9099
7617
8930
3727
9928
7364
7251
1128
9124
4042
1569
1361
5024
5420
8551
4438
7425
6314
3257
8279
2168
2150
1262
8468
4942
1632
6201
2902
6277
610
4451
471
6117
5762
5212
2638
7683
9375
7514
6131
3047
3972
4872
2221
3971
5626
7669
5439
4034
3751
8020
403
5545
4117
3065
6721
8426
816
805
1169
9692
6837
3830
1761
1814
933
1911
1123
9777
590
2143
8013
3076
6225
706
8151
8215
7926
1818
6437
5759
4162
9314
8017
4312
9436
6485
3818
4680
1980
4255
9079
881
4303
743
7485
6562
136
8293
9323
7562
4168
1162
771
2632
5853
2341
346
1377
2353
1175
2497
6364
5536
5000
8951
7514
663
1833
6366
8863
8468
6269
5924
7051
9973
3921
2320
5068
1754
3148
8655
209
9308
8612
8224
593
2784
8830
3522
8017
4131
7999
4607
2782
7687
7847
3868
7400
5696
3724
1279
7263
3936
5056
6264
6874
8303
7903
6347
4246
5943
838
8928
9556
9271
2554
7942
2502
7600
6810
1117
9687
6435
4791
8803
4740
225
7293
8645
3321
386
7428
8854
4908
5017
1248
3602
997
4737
6061
2597
8391
9720
267
6166
6728
7608
3871
5069
4555
6284
1753
7570
3000
5746
245
9458
8371
7077
2931
7378
7036
647
8783
300
3509
3346
4119
9114
1797
8272
7450
4571
5490
8195
4430
9395
5444
8304
6070
6321
1978
9918
5448
7561
134
327
666
2183
6252
6712
945
120
6178
5818
2121
123
8775
6232
5191
7712
93
1958
920
3154
5860
2124
4647
5623
2410
5762
677
1152
568
7295
6322
4195
7845
5484
18
1349
7007
2226
3613
6183
6147
6161
5206
8716
1115
8652
5564
869
2609
3815
9734
2762
650
5895
8605
3763
142
6671
2712
4598
217
7740
5394
2632
4971
699
9059
7594
5214
6978
6313
1671
6500
7209
1884
4266
7329
8458
7389
9356
2046
3810
3186
9793
5652
7174
424
7872
4319
9590
8417
9532
8612
3891
2488
2601
7188
9824
9721
3279
3622
2677
6192
3628
4348
6913
3914
8726
2265
1404
4566
9281
1035
2809
1808
1069
9409
5651
8245
3530
8342
9269
5619
8655
372
3405
7508
991
6924
2434
363
4619
6317
8138
3419
8432
305
8597
5775
4053
388
178
7499
9095
7809
1991
4115
3914
525
5561
9144
8608
5101
597
7886
8202
7024
1329
7493
9756
852
9252
4559
6969
5354
2510
3995
8969
4812
6335
735
1950
3102
3730
8134
7189
6248
6958
8573
2996
8849
5627
306
720
9332
2169
5626
2216
7917
3901
6880
5484
7574
7377
5265
9217
1165
9636
33
2467
332
6232
9386
1439
8737
6992
3736
9541
8519
8907
5081
9121
1935
3430
6221
9950
1922
4974
6943
3889
2223
124
6805
2218
3924
7115
5148
7236
9234
1368
7415
6036
336
4959
151
8332
3365
5188
3563
4819
8348
8393
3025
9372
8503
2180
5997
8759
3756
6031
8211
1653
969
3560
3789
6309
5452
1062
3901
5412
7825
5966
2044
5621
5222
7245
8180
5682
1798
9941
3420
4932
4227
6272
8277
654
2786
7260
9267
3730
1523
8949
5439
7490
5685
5127
369
9059
5803
7007
3493
8356
1299
5294
2165
1211
4719
4860
6525
6809
9118
2171
7447
8049
9159
3400
6423
9319
1308
9967
3566
7809
6913
7876
5977
4490
9733
9247
3299
3724
9699
9190
4900
7843
9626
8360
5968
6591
8285
7610
2808
5774
7522
9020
411
7890
4795
9302
5285
7821
5592
7260
9786
387
2583
2275
5872
3130
1331
73
5756
2242
6214
3476
5406
2342
4785
1500
4777
1555
4706
3237
2791
9348
9626
6547
6481
4442
1971
6016
7557
9933
7090
233
9609
2650
1483
1740
9883
8850
3511
717
20
260
1380
7666
8273
7912
1750
6833
5124
4437
8112
6215
1300
1615
1112
329
2875
9685
9233
3114
8323
4489
3184
7632
767
9195
4044
5024
4027
7260
3222
2808
7137
6274
1907
4332
824
2779
6587
9956
3600
8065
7877
3244
535
1261
9869
2184
1510
5384
2969
6713
9176
1001
7244
5829
3523
9548
81
4758
4769
9924
1523
9197
7427
6619
2945
5612
9234
4519
3395
5009
9465
8076
6354
3268
5543
2821
995
4636
1003
2834
4227
2723
1087
728
7354
6673
323
56
6119
4227
8564
8534
1793
7811
2360
2611
844
5854
9150
7815
5672
6416
5025
7953
2313
2175
3406
5642
6544
6861
7243
3035
3551
6687
969
7383
8795
7919
131
254
2674
4650
5955
4547
3615
6652
6958
6546
9325
1872
2150
7341
8984
9297
1865
277
4802
1440
3737
9473
4075
9618
3455
2564
5990
4781
3813
4016
2317
8163
2845
7362
4061
3003
9597
137
1206
3
488
1058
8271
3337
9749
5411
5271
5670
1758
2942
3068
2407
4543
2690
8117
9758
6699
7399
3085
4143
9356
5086
6839
6639
5386
1633
4893
7907
5711
5596
1452
3268
4882
3244
4461
2598
3292
2503
2909
1767
1345
7804
9500
7369
6021
4829
6276
4163
686
5429
8812
1485
1396
558
3360
2403
1896
6555
8912
2922
7451
2591
8999
8165
2376
9152
5196
9085
8349
992
1801
3803
8747
4545
7037
2334
723
5739
5539
441
8873
5100
5729
3483
6844
8602
4519
7191
529
9616
1173
1163
1425
1156
3860
9538
9602
267
9508
9354
6769
3764
2656
6774
7686
86
2819
2239
7954
192
5596
5945
6558
8740
8159
9147
1899
1874
3641
5159
8723
4573
1322
9513
2292
3957
7305
5852
9102
8241
3799
8103
336
9672
4937
2749
8767
2401
6997
7172
2262
3283
3071
7786
3949
1640
3511
7201
496
2440
4809
8025
4915
640
8737
8017
5629
9336
4978
9660
4116
3483
5855
1817
4266
2517
95
9540
6032
9147
357
8104
9092
2330
8889
1183
7214
5784
7352
3934
1882
9954
2060
8349
3379
6371
3910
1097
2182
8127
4543
9299
3558
1012
9651
1325
4628
4648
506
8922
2425
1576
4524
2552
9291
4280
9015
3399
1799
5047
503
2876
9284
9549
2526
8884
4850
5056
6802
5125
8844
4861
329
3837
518
9678
2098
1123
6991
5663
5428
2681
7098
8866
5194
8120
6448
2049
5827
7200
1678
5906
475
6289
438
9787
5526
7841
8644
4467
621
4585
1936
3748
9813
927
975
6608
4188
4197
1061
2121
6853
4450
6239
4115
8777
7127
7541
682
7568
7544
8786
2914
103
3719
2061
2812
6425
343
2985
581
2773
9614
9065
1574
5971
1471
7222
2612
4944
6946
64
1767
6287
8156
9015
1551
6168
6580
4574
7777
305
476
8895
4563
7622
3405
3161
4041
206
8328
1039
2702
2074
5957
940
3353
6945
7367
7549
7862
1377
6538
1871
5952
543
7859
4002
1976
5473
8434
3676
1378
7742
665
3147
3307
4649
2433
4526
2481
9013
1326
785
2846
9657
4925
4346
3012
3141
5623
245
9219
591
4230
3660
3619
7434
2203
6186
5676
5109
6605
2248
5112
380
2207
9729
9083
5593
2677
780
2734
4977
482
1077
3022
6913
1099
7030
9774
3481
3362
2674
2338
5208
5877
9069
3171
7461
3330
1877
1957
943
2876
8147
598
802
8495
2762
412
9420
3121
6519
5879
2018
3815
7172
1027
6440
4369
7789
6063
6376
7424
571
9513
2710
3513
512
287
103
8689
2757
4333
6711
8879
7981
9618
3581
2524
310
4744
8221
8901
2414
2376
9598
7216
8912
5137
530
3992
7889
89
6905
9038
5332
2715
8544
2912
6206
7605
7731
3721
3253
7000
4065
5004
579
2667
1216
3746
1449
8161
2615
3879
1183
3806
7155
8159
1010
2662
3455
2356
457
4592
4602
9153
3192
3948
4623
4452
4284
7199
3632
4441
6035
3295
3669
6838
9479
3405
2465
956
3899
2119
9713
5087
9518
1330
7913
8794
8331
5918
8619
2474
7429
9864
5126
7365
666
2392
9587
8739
6722
3021
1839
2965
5072
5282
5291
145
8076
4802
1525
8787
6978
7245
5558
4162
7783
6184
4925
6139
6630
4015
8635
7918
7623
2995
9723
3850
9995
9327
1711
2839
489
248
3504
6440
6162
9552
4645
8431
5722
8841
4505
8926
8485
5078
2591
2954
3369
4703
7074
4488
6419
4397
6112
6852
9174
4253
1248
2230
6357
9755
2253
8585
6643
9486
7982
7230
1273
4903
1460
8398
1388
9740
9800
9281
5095
161
4226
2549
244
8988
3073
9562
8119
2353
1068
373
5273
3997
8880
3605
9362
2557
2760
4970
4317
7899
1591
3512
8711
4976
5687
9674
3385
2986
6838
5502
185
4121
2981
8053
8346
8722
1649
189
9036
7284
5203
9535
7941
1182
7734
1890
4798
3739
893
1547
5891
4137
3919
9756
3806
4491
8317
1193
4913
986
7463
5634
9185
9927
8761
5304
386
9763
2877
9734
3401
5929
120
1883
9905
3022
8381
4232
3886
1968
8781
8740
798
8337
5369
6544
2747
220
9574
5365
609
237
1629
3161
5738
1068
3602
4359
2640
6277
6401
2510
6545
1428
9427
2604
8303
5825
3773
5322
7260
790
8013
1293
6367
6289
4240
3454
7996
703
3426
2543
4648
7928
8563
5445
1093
3566
1174
4474
2196
3403
6540
4854
4608
2169
3835
42
7178
5371
6007
6595
94
4364
4267
8513
542
3881
2618
966
1319
1262
4124
5710
4706
8008
5203
2843
7959
9120
6315
1450
9402
199
5711
7585
9601
8979
45
7414
4852
2536
8737
659
796
6204
1912
8
8919
1855
7373
7060
7790
1900
58
9370
4733
4626
5050
398
2869
7601
8096
7873
9553
4821
7441
9978
8377
7310
6311
5846
5169
277
1017
2622
8270
5225
8485
7222
3283
427
8268
3660
6008
7000
2689
9565
4251
1469
3493
2774
2176
2282
3441
6492
5893
7617
1590
4299
5159
6632
2526
5896
9847
797
3889
5085
922
1125
9576
9202
7698
1044
2438
2265
5448
5439
9760
8138
7285
7941
8694
5687
6414
310
2841
4179
1358
1914
8657
2783
7778
832
7838
1975
6945
5209
528
3598
4721
3145
6919
2006
9195
8824
6662
9820
9976
6429
2863
8334
3617
1850
7985
1722
9116
7347
3400
9734
370
8001
944
6898
511
7113
2593
6749
119
283
1401
4847
1855
2054
3322
6856
5274
9307
2920
10
8082
7937
7630
6606
7512
8360
7411
7127
8370
5251
3908
637
3690
1295
5410
8904
2024
7288
9899
3926
3673
7084
7197
6324
3994
5963
4524
5867
7727
1588
7301
3220
8155
3038
8589
4804
6466
7556
7298
1664
8330
3131
4000
2572
3913
6141
6912
2413
9039
105
3002
4455
1182
7011
8028
8429
2937
3884
116
313
8380
8290
1184
5016
7232
7552
1011
7920
1740
9936
8540
4361
9438
6373
8614
519
2238
5654
5510
3510
4885
316
6838
4178
5462
7984
3615
4238
5740
263
9889
7435
8132
950
571
901
8134
1997
3602
1812
5308
9702
6057
2310
4081
1595
2767
5494
9190
5016
7215
4770
5667
3792
5777
561
3386
670
1716
8540
4963
7326
1244
5000
9265
4083
2763
5187
5931
6266
4138
3072
9411
869
8278
2466
3234
3451
6577
476
6054
5970
7652
4656
454
4699
7427
1547
3133
390
6519
5586
7769
6090
528
3237
9864
4499
3972
7140
3219
2986
8679
3963
3469
7964
295
2531
9422
7318
1561
8789
9457
6494
4254
5866
9857
7704
9521
8783
8204
1922
3590
44
9257
1850
1064
8626
2491
5539
4251
7392
1925
1612
3373
3413
3758
3748
5075
7483
6361
530
4604
5468
2299
5565
8768
6674
1694
6605
1206
5729
2867
9989
5380
8882
7398
3187
9231
6405
8289
4802
595
991
260
5088
5001
6855
4351
5930
3368
7720
8791
8211
3696
8571
8182
438
5381
6807
8757
1643
3405
4355
6654
9696
7298
8499
5145
3156
4338
4380
8867
6415
8374
3557
6300
1902
7849
2758
1411
7672
1576
4798
8871
6858
2100
5396
3969
7936
450
9626
8824
2100
2057
9841
8949
88
9478
4392
7581
1970
4771
5212
7969
4791
2668
3207
452
5929
6556
8843
353
813
9665
1339
2027
1155
9423
2630
6798
3166
5434
9446
3992
6591
7946
1722
5413
8077
7575
5801
5366
8507
3604
8694
5322
2857
2053
8727
8576
1183
8324
4756
5569
5684
5000
1775
9617
1429
5188
1685
1811
5464
3288
8604
2190
3990
258
4765
5519
8721
3593
3449
8265
6967
8662
2401
3082
3359
4467
8154
790
2248
7386
3138
3360
741
9937
1029
138
6086
1308
1455
6565
5508
8919
4746
8904
4380
8100
7082
9386
5012
6907
6876
7733
1977
2109
6261
5727
3690
5671
2824
1363
8226
973
1162
9359
5666
1205
1518
3440
3089
5998
3535
4505
1081
2081
4783
6251
4824
2241
7462
3014
9061
9402
7945
5922
2717
4584
6214
975
4532
7245
2988
6800
2424
5191
9648
264
4157
5442
523
3745
5211
484
9139
4842
4010
5588
5017
1689
4640
3218
9326
988
3260
2830
1349
9548
3497
3401
9428
7161
6988
3956
2964
2456
9265
3519
8722
569
2379
6800
5038
8358
8554
3524
9162
9504
7967
4430
8295
3778
9673
4253
1414
3061
8995
1503
3492
4054
1097
296
9818
8605
5956
3676
6011
2659
9129
6010
675
7346
7464
6480
8346
4181
6503
3060
4790
7700
3208
8397
1779
3259
8369
2912
4436
7492
8038
4492
4604
1482
227
804
2896
3071
2434
713
2657
9224
6156
4979
9987
8655
1928
3661
7319
5291
8936
9520
7353
6114
2634
8974
614
5422
2994
9220
5359
7724
6329
9089
8997
9878
4579
1383
5895
9038
5186
3227
9560
4883
3209
9844
1461
9313
2855
2171
7021
854
6170
8586
5483
9662
1081
9621
7550
9325
8270
431
8848
8555
8847
2784
4123
2803
6418
6697
9104
7787
4199
2463
8407
4235
9627
3352
6680
7713
879
2788
9193
5714
400
7967
8525
6238
7122
2070
2287
7161
2411
1195
5198
369
6948
4242
963
6585
3644
8468
7249
5975
4788
8138
159
5378
9876
7229
7854
5117
3838
1213
8984
8483
2950
2926
3920
820
4909
8728
6195
2455
4196
115
7612
1387
5934
4003
7420
8247
6393
9533
3839
7245
3373
56
4220
9209
9619
6343
3571
2438
6695
5576
4609
1046
1733
334
2877
6968
599
1962
533
2924
1247
2330
5127
3268
2421
6592
2685
6376
687
2524
5213
8423
2630
3318
7936
7798
1948
2782
9259
10
8334
8052
9681
9293
7944
3451
8400
2314
9093
6747
5496
8590
1456
4901
2928
4871
1213
5382
9790
18
1758
2238
782
2322
8326
6264
6989
4766
8324
5067
1621
8761
1074
3355
8645
6597
6342
8137
4795
539
6282
4741
31
7813
6222
8921
8002
2710
3857
2789
5811
9372
4501
6765
7598
6455
1614
1706
6372
8403
283
5378
7141
7562
9711
671
5615
709
3773
2965
8110
6889
9595
8263
7122
8022
5125
8459
2875
4872
2534
9618
7587
7295
1743
8213
9976
3967
6970
2705
5621
3144
1140
1337
9994
8060
1780
8916
4275
5986
6285
4430
7238
3940
7856
2508
7622
8019
9473
650
2668
9228
8931
2146
6392
3495
5459
9418
6029
8970
4732
6382
7234
2823
1068
7654
3084
7228
9468
204
4927
674
9670
7438
2721
7780
2426
6238
1352
3914
4027
3377
9261
1794
1882
1337
289
9966
1648
1883
8182
8837
7127
5227
5620
6240
7033
2173
4314
828
7774
7281
5312
3950
7791
5079
6651
8713
554
8467
2239
4068
7709
7002
761
8474
9326
3387
9696
6552
2331
5848
8937
9593
529
4252
6253
1567
9924
5721
5868
3679
2226
7977
6315
2995
4151
462
6487
2491
7902
6116
1220
7819
9047
3110
6231
8671
7370
5495
6573
7790
4294
4149
3093
4230
7131
1373
6673
2878
8827
8633
7290
3358
9855
3970
4934
6867
4845
9569
9601
6592
3986
254
9984
6671
5620
1046
70
7638
4679
5041
8450
8200
7863
2787
6911
7471
1483
4996
970
1412
2007
3376
5926
482
9551
985
1535
8476
4687
892
639
4435
1530
8695
9909
13
7090
3436
715
7992
3578
7451
91
703
5978
7435
1251
9773
6516
7086
4497
3099
8214
7649
9724
7421
2770
2285
4557
1498
9486
5694
5230
2279
359
2718
2518
4191
6260
7232
154
8473
7651
9035
1408
2253
922
7649
8342
6666
3810
6587
8077
7585
604
1049
2773
1593
4748
4621
3450
8394
4046
3189
1713
3332
939
45
1107
9124
2287
4096
3074
75
1734
5131
8644
4514
4520
9795
7374
1255
6516
4092
8696
9852
7014
9105
7281
9572
5348
7469
3488
9020
4888
4568
9873
7560
6555
5087
3012
6245
6216
6045
204
1094
5898
1554
5555
8085
6157
4093
8741
8483
6123
2068
6294
6107
3969
3668
171
2492
301
4555
4659
9072
6709
3899
5390
7268
337
3020
8986
5869
6023
8299
9035
7545
1848
9060
6762
8670
6573
5732
7418
2456
211
2151
7649
5781
9808
2038
5971
3430
9973
8107
9230
5273
5208
1855
7842
7213
9005
7350
9636
1415
64
834
9788
1963
1962
5874
329
9497
5288
1178
3946
1762
5217
2547
9553
4137
8273
3104
9181
4891
6085
4850
247
1731
2337
2959
3977
4416
8848
3878
5552
2870
2442
3638
7027
15
2000
334
7927
5577
4023
124
6109
6197
6553
4528
2224
3054
8517
7491
2386
7955
274
5189
9162
6149
7180
7960
7088
1865
8296
6953
1962
3504
3842
3267
5994
2275
3047
3282
3481
1199
7666
5710
3725
9354
6280
1389
1758
5415
3758
5280
1531
7617
7864
5064
1900
829
6371
7482
9910
7835
6935
6348
5771
6895
408
1136
6108
2628
6006
8742
2323
3560
7917
6529
6413
5131
8390
1574
1547
5423
963
7644
7812
5891
2109
4766
2080
8009
8710
566
7104
3098
4564
4562
2041
4133
5240
3920
410
2857
7824
4741
9268
8634
2911
5517
2479
9011
8165
3329
1526
4043
3221
8585
3853
2807
7157
2051
7395
9523
6889
2020
8764
2052
2150
3563
7682
5570
4473
1067
5591
8791
4319
1005
3272
1105
2100
7219
5991
6587
8908
5141
719
7492
8343
9410
9473
5578
3015
6102
7136
6396
7950
537
4186
9879
4611
19
2434
6795
4169
7638
3944
4745
7944
5852
937
6337
8016
9732
6383
9693
9946
7161
2400
2424
6199
6395
9661
7540
2115
8487
393
4777
6686
2459
9361
2695
9621
7843
3747
3276
4648
8254
80
3307
2726
6498
46
4498
9847
2789
8835
1811
3035
3512
4381
3155
3321
7804
4508
7400
9976
6877
6935
1209
5136
5159
8572
2259
9848
4754
442
1414
5264
1679
1874
5846
9271
7869
5666
3282
6121
8384
9141
4063
9783
5461
4095
7549
4196
5412
7818
131
570
2789
2504
3638
5567
3260
3582
763
8867
1410
9796
2714
5973
4509
5327
1019
7417
3965
4893
3196
2554
4940
2172
7124
8722
4640
4583
9525
6620
8501
7676
1232
9817
5040
8995
9017
78
9397
1234
1887
3065
4020
9722
8886
4778
6777
3972
4969
4426
951
2317
2362
7434
3624
1007
6789
3118
9557
7052
1557
3282
6003
5334
4257
1182
8284
8644
7255
7705
808
8944
118
9180
5023
9849
5411
1882
1875
6259
4328
3037
2148
1329
3013
9434
1347
5134
7654
4797
7170
2917
4162
6470
7230
1976
8192
6757
4336
6323
6435
3230
5680
9595
7000
4214
1565
3169
1777
7584
3575
7581
4225
3942
9933
8535
379
5087
1598
3642
8377
8874
8763
2000
2295
4387
7527
378
4272
3730
427
8346
5893
2123
8187
1101
2209
6601
9887
6453
3056
6599
8447
962
8021
5710
6817
1493
3602
7148
1808
7095
7295
1967
8453
9875
1228
9078
7740
9246
101
1803
7027
8733
6696
2648
3071
2183
8723
9695
852
6421
7294
8483
6949
6545
6348
8554
1293
8618
4936
2236
1639
8801
8437
6942
4824
5368
210
5567
4565
141
6421
5525
2568
2885
9474
7035
1075
900
1661
6667
3270
8307
767
4284
3537
4244
1342
2822
2259
9827
204
7467
1014
4520
3566
3485
6858
2243
2460
3694
234
3841
753
1263
4282
9100
1068
7203
270
3701
5054
4910
7831
8955
2713
8496
4763
7995
7501
6694
3983
185
5914
5049
9097
415
2569
7218
6677
9343
3861
3937
5450
4756
1248
4413
9143
8072
4422
5826
9170
3198
8247
2123
4671
7661
9196
297
3959
3890
5074
6787
1623
7162
5636
7519
3660
4204
4062
9827
5582
2251
3250
4409
8862
3499
2482
2837
6236
1819
6139
1352
2285
6087
3446
6242
276
3499
7262
3287
389
7063
1401
2423
7273
4237
5716
2698
5034
8130
818
9256
2300
8701
7035
8392
9783
3700
6629
6169
2810
6530
203
7138
5131
3729
1503
8590
2310
9528
5082
2081
3438
4193
5164
9750
215
1577
3036
2086
6465
1610
2390
329
2973
2127
1709
43
4595
5621
5628
8013
5376
5776
4200
6330
9766
2423
1144
8485
2762
7481
4430
2920
7103
9196
5086
4833
9685
7735
5841
4698
6492
9294
7264
2440
3328
8466
4753
9302
2400
3531
2149
2355
885
278
1530
8960
134
7322
6690
9662
2076
8082
4430
1182
5191
2392
8535
7224
1427
1094
1994
5905
757
6122
4662
8571
4979
2355
9207
4648
5887
6420
8378
3754
7456
9812
8458
3437
6438
5357
2936
9995
3423
7171
8836
4427
6679
9420
1916
946
212
8071
4173
1452
6288
9130
2083
4092
6921
6952
8872
9105
4762
3408
2674
3396
1916
3634
6067
5868
4850
5071
5436
5109
5397
7848
9135
8099
9378
2678
2957
1644
8775
2566
6803
7675
5714
6234
3472
8312
5265
2674
6446
2520
378
1623
2377
2590
696
7264
8395
9678
3103
1855
8174
3507
8387
7376
7230
704
2366
8944
4866
1474
5542
4944
8342
6340
4466
5696
6892
7065
253
1893
3105
9819
3641
2176
8176
6045
7222
9010
9778
7414
4476
4274
4470
5894
7001
8600
5073
1958
9427
9260
5127
9361
5442
2626
3081
4718
7967
2932
7324
8440
5779
6882
1370
910
8826
1548
2386
1780
4271
7766
6589
3591
582
8902
9462
7920
3858
1241
410
7026
4604
6513
3094
2148
6995
2208
8749
584
4042
9218
2039
9503
4940
5253
1683
7699
30
2615
2076
4489
892
4268
6788
8059
5480
5438
5256
9004
6661
5379
1983
8078
3801
9108
5264
8743
4630
3672
9564
9382
8614
9257
7079
4569
22
2015
7219
3609
9347
3179
3024
6686
3850
4444
2104
6617
7163
6584
4103
6332
8093
2862
1790
693
560
8652
9648
8933
621
1458
1808
6994
7942
2659
6241
193
3071
9824
4646
309
4803
8841
4652
1326
1860
6885
8741
3120
8241
7530
9427
1474
4360
7356
1199
9111
6765
7562
3667
2434
7294
4896
8155
4984
9169
3209
5737
5581
3124
6179
2934
9085
5584
6633
233
1928
8202
1132
2504
2090
8901
9815
6193
7676
7260
6792
6724
1431
4064
6030
7792
6050
3926
7936
892
3210
6052
1942
4929
5161
1760
4447
1811
8059
287
9619
2924
985
3684
5986
2800
1337
4036
7209
5609
910
715
3172
2532
2542
7752
6786
3508
7273
2956
8252
3904
9022
5974
3782
5660
7049
7416
596
768
3249
6177
4580
3543
4171
1323
4131
7257
466
5760
6125
4968
9813
137
7973
6495
9604
2483
4220
3401
8710
491
8800
3979
3577
9003
1147
9950
4916
7471
148
4908
6450
2950
2980
2298
4710
9096
8627
357
3355
9104
1730
8831
8652
6912
9885
2119
7238
9826
5606
9341
9076
6763
7579
9111
8965
9135
7574
118
4940
7874
9995
169
6620
7932
4879
950
1775
8316
5792
2776
5335
8010
6330
127
1294
7515
8646
9258
273
5816
7620
6627
2461
3036
2299
5198
713
1779
4646
5850
2872
2951
3817
3912
9290
6405
3238
3449
4047
9288
1947
7350
3272
8291
4019
3697
5038
7582
4587
7655
1967
9612
3160
1381
3080
6301
9756
3181
3727
8374
6590
79
7698
242
9969
3162
1005
6494
8283
8564
3453
1740
6834
8086
3733
3133
8353
9593
6808
9057
5153
5666
833
5252
5197
6753
8860
4006
6141
4253
4203
4287
6294
7128
2942
2067
2211
1102
4695
7029
590
9640
2269
7007
9608
2248
9098
7717
7179
8998
141
4056
4851
3049
1115
5445
8177
3956
6518
9938
7272
124
2373
4719
6264
1060
2069
631
5278
1144
1020
258
8256
6145
2759
8059
6445
9761
836
2148
6475
6338
7085
8393
4186
1963
7079
4440
4948
7319
4717
6475
8936
5615
8141
2048
692
1673
1601
4134
1505
9387
5935
1242
2384
7074
9772
785
8630
3772
3636
2705
3128
136
262
1540
7181
4936
4872
4994
4539
1242
2344
5618
2947
6023
3676
6097
8307
364
6576
2606
2788
8260
144
4826
7767
4621
272
979
2147
3251
3817
5923
271
2202
6221
1180
1947
8026
6950
2023
4317
5853
617
2254
2381
5733
4919
4696
9039
4160
616
4346
7360
6717
8859
9012
8933
9189
1415
3910
5066
2103
4884
8005
5160
4233
841
5292
8563
7912
7615
776
616
2019
5785
7427
4519
9161
4990
7492
7674
2177
3803
4741
3887
3513
5013
5039
3989
7914
7419
5662
7949
9404
4242
2911
6774
4691
5897
1614
6268
464
5298
1536
3546
6255
5943
1092
1235
8595
8961
6268
4559
7185
5808
9077
2469
6305
8058
2439
3851
577
930
3154
2574
7956
1023
3464
4607
7380
6329
6053
7059
7822
6559
2045
2196
8629
4851
6520
5265
4163
7642
5318
5596
4356
8319
8064
9133
6922
4636
2940
7310
7971
9221
3599
9706
256
7824
1206
1379
466
304
2389
2524
7662
3213
7436
8615
5715
2381
6465
4385
5359
8053
4434
5404
5807
8332
6128
1907
3008
4170
2946
1391
7988
7406
4468
950
6000
7222
2246
2420
5347
7751
5953
1226
8361
6203
8636
5865
5009
9463
5346
2694
5142
4402
5216
6677
9312
2968
1199
1030
1222
7800
8759
9017
1349
4668
2181
503
1504
5051
5537
6588
7880
9258
547
2380
4245
4591
5763
8073
6807
6350
9401
3807
6368
3381
3863
1460
5183
5647
2576
551
2825
20
9637
4651
8647
5240
1390
6529
8994
5330
1951
3602
4423
5967
6335
4126
808
9916
9006
2973
2908
3089
3753
9382
693
1660
331
6191
1381
4219
3946
8214
8310
5870
7832
8542
121
1986
1911
132
7963
613
4573
225
8572
1545
9332
4901
3461
5809
3504
8880
476
8206
1333
2598
8390
8959
3862
2960
4030
3864
9813
5329
5973
1667
5273
5894
5005
5115
6123
2264
8051
6717
7490
9691
9274
1468
6909
6989
1590
8069
8429
4387
2873
9401
2417
5619
5904
5017
2882
2714
8583
4028
8132
364
1123
4935
270
2863
5041
3940
5780
3737
3860
871
67
6297
2669
1910
4783
1945
669
6684
9868
896
3865
5492
5451
4610
8480
4656
1029
2007
1949
9507
2110
8901
1466
9875
6868
5808
9680
3707
306
6823
803
872
7509
2702
9513
7970
9911
135
4261
6824
3203
374
3563
964
7208
4172
8814
9105
9248
5731
2448
2944
9765
2522
9609
3650
8444
746
908
9230
9519
946
3311
7316
841
383
4406
2845
9483
3985
2345
2112
9743
4709
7898
2097
9719
6377
6949
8702
3830
3892
4165
898
5048
484
6182
5679
2712
1619
6207
2364
8485
5058
8910
9310
9368
7755
2456
1682
8661
3526
6260
9779
6580
1020
2879
2882
3049
9874
7693
7968
7418
5659
3201
9450
5535
418
1099
1358
6901
6505
3839
1424
9531
4208
1296
2330
282
1735
2650
5755
7977
1570
6827
2163
2357
4486
2881
5861
9427
7475
4633
5565
450
5460
5505
2988
1899
9106
7711
556
84
7592
2569
9260
3960
9182
2878
1308
46
9277
3676
8745
8097
1178
1018
1679
9218
4334
206
9195
8275
8780
5925
381
6024
374
3653
3597
3918
7604
2161
9149
7402
8824
7501
6319
4712
8239
1848
3034
6012
7921
4730
4552
1132
6084
9022
6776
7368
8282
1970
9226
5226
3432
3323
3706
3495
2200
983
5503
8762
6622
7576
4099
6930
5173
2160
3359
4070
9786
4603
6736
8749
6665
5236
6856
5396
6880
230
3098
1098
7183
3921
1601
4063
5360
1352
5081
4066
7911
7721
3408
7070
6466
8941
3911
2775
5008
5661
8048
1777
3344
8471
1304
3193
1621
6960
1055
5958
6258
167
3138
354
2933
6355
7279
5116
8065
8571
2049
212
1301
1782
9258
4920
9071
2265
27
7992
7060
896
7293
1460
8527
3709
255
8913
956
2529
5546
99
2084
9627
3437
1073
7961
3618
3570
1532
4985
623
6180
1145
2924
4822
5689
6551
3181
1259
2403
9749
7913
2470
4200
1673
4274
6343
212
2823
4736
5651
9521
7462
8081
4205
5223
2863
9832
5092
5029
7835
73
4753
1308
2242
6146
7393
1593
7229
1266
7963
3326
5419
3423
8420
7237
8193
6496
2877
1800
2236
8721
8815
9799
4466
9881
7155
8209
2103
3097
3136
1916
1590
5764
8233
5418
1063
5852
8391
5846
7165
797
3855
9308
5223
894
6788
1186
7121
9952
1748
4194
9593
4816
6780
4495
1410
9147
4186
39
682
1824
573
4717
855
7119
360
4058
9038
4125
8066
527
4952
1101
5220
5504
9245
4117
9572
5851
648
8733
902
8467
7957
40
3558
7720
7026
3034
8560
2078
4000
5989
9114
2211
922
7976
7347
9089
2139
2202
2598
4941
2802
3153
2940
8351
2187
8120
411
8290
515
5083
7926
1632
4185
6195
6713
1823
5783
2978
4908
8111
1276
7089
7715
4023
1725
3127
2090
878
447
7033
1637
3908
6515
6315
1474
2082
3635
1864
83
6585
9814
1084
8570
7276
627
2219
2052
3205
3966
8321
8242
210
5487
2482
4059
5507
6494
3429
1513
9708
3221
8976
4016
6003
9790
4327
4900
4141
5551
9270
7663
3484
8591
8428
4150
132
8783
54
4434
5176
5865
8755
4596
6385
1284
7723
6573
6440
6550
643
3786
7850
220
5624
6963
1706
1230
1445
935
956
1228
5938
9620
3196
8879
2539
776
2192
8285
9711
5859
2986
4691
3458
410
1769
9602
8070
7358
1676
7238
8685
7831
2496
1100
6627
9786
6664
1085
1447
30
1212
9096
2426
7714
1712
9378
3608
8737
8681
6962
5378
6564
994
8734
4428
8666
7756
9822
9055
9875
6511
1987
7287
812
903
9502
2367
7997
4695
7903
6917
3094
2695
8300
4822
