200 
603 
887 
666 
208 
201 
976 
855 
788 
210 
911 
110 
217 
504 
492 
451 
714 
277 
806 
750 
349 
702 
557 
720 
237 
635 
303 
775 
984 
292 
699 
818 
671 
373 
512 
195 
222 
836 
409 
734 
803 
555 
489 
614 
529 
110 
606 
316 
190 
529 
586 
990 
770 
110 
813 
714 
145 
267 
528 
573 
898 
301 
871 
596 
511 
193 
438 
843 
991 
397 
329 
877 
868 
171 
947 
793 
313 
943 
290 
227 
128 
986 
684 
555 
705 
708 
147 
661 
560 
797 
149 
954 
408 
835 
836 
602 
684 
892 
203 
436 
671 
762 
324 
793 
300 
708 
222 
699 
163 
119 
501 
202 
977 
401 
544 
911 
616 
415 
890 
802 
145 
777 
382 
294 
347 
374 
569 
133 
334 
445 
208 
420 
840 
853 
555 
366 
762 
891 
354 
997 
586 
448 
597 
541 
396 
947 
977 
106 
390 
925 
986 
368 
101 
400 
390 
894 
480 
130 
546 
925 
239 
188 
464 
718 
910 
180 
362 
223 
845 
278 
249 
724 
161 
893 
316 
697 
279 
840 
898 
400 
396 
562 
742 
409 
459 
840 
418 
539 
562 
661 
885 
731 
445 
428 
857 
497 
983 
879 
631 
315 
684 
