10000
9736
9562
1824
80
9394
4844
5754
2762
1686
6536
7590
5140
8662
1050
5410
5918
3088
9352
8494
6242
4776
9344
6912
4810
4350
9094
7930
6450
5890
284
9024
3182
3382
5288
7018
7440
5874
4434
6018
6830
1884
1474
762
4738
3628
3096
4472
8032
7764
202
9890
3490
5980
3164
1796
4364
3564
624
580
5180
7298
7756
84
470
2244
4998
2936
3092
4104
536
5982
6244
600
6872
1554
7416
8382
6264
958
9906
9474
8762
9280
1630
3084
252
1712
8930
1126
440
7880
4202
4650
8152
8466
4350
5920
4240
9684
6740
6908
5302
1280
4136
7002
6280
4250
5886
9694
720
262
7780
7848
3090
5420
7034
1728
4162
4608
3816
9352
8586
790
2034
928
734
5020
2902
2972
7304
8784
5992
7562
2786
7848
5738
9946
5870
4854
7978
7612
6438
2174
5660
2174
6496
6338
9072
6416
6670
4708
986
5498
3424
1792
6126
2072
1382
5318
3180
98
9060
2694
8262
3678
2214
3302
378
7158
3944
3174
5514
8916
8596
8160
858
8744
176
1950
6574
5632
2528
9420
8126
2434
2728
5050
3828
1126
8294
5070
6058
7874
3412
6260
6846
7106
4426
3950
9374
1022
6082
8272
3634
7266
8302
4036
1972
2258
5634
2698
1560
4394
8868
3224
2904
2118
9646
9340
4282
3678
4692
4748
7156
1336
6918
4354
3126
9940
6742
7980
9880
4790
3800
8896
7672
7044
5400
8752
4664
5804
4648
2538
4888
5488
1506
1852
4938
6400
2826
2472
7092
2212
5504
7210
5090
4446
4252
3678
5938
2766
7348
6756
6870
2494
5284
4698
2874
6754
8274
4616
102
6562
3198
6532
5744
2318
1814
8642
5126
8966
8736
4760
1896
2472
5642
9636
8096
5742
3346
2584
2820
4590
9514
3702
664
7840
8012
6096
7278
2272
2698
456
5936
2358
3578
6394
6828
5508
5520
5256
9796
6578
5510
7964
2462
9244
6526
378
4808
1450
3490
2186
652
7116
3324
8198
1750
6136
5534
3388
4186
8530
9018
1072
1422
8816
4172
2814
6274
5016
6422
6108
2382
6092
6858
100
8044
6584
2350
1986
5754
6048
4206
7820
7760
3044
270
1140
8552
4304
1910
7646
7594
8952
982
500
5780
70
2942
7758
8262
8386
6650
7104
1638
2064
6732
9072
9946
3716
1490
4806
3882
9692
1150
5744
2204
1116
3324
6404
2134
9078
9404
6392
668
3598
1834
6294
5580
1758
5298
9074
1416
8142
6322
246
9846
246
1146
7404
9804
4626
8982
1448
7798
7786
928
6766
8408
9206
7092
756
8536
3232
7046
9022
9424
5624
6090
7956
2634
9926
8874
7434
4822
4564
3684
5536
1518
3256
7570
612
2498
582
2530
9252
3154
3812
4828
2814
2418
3352
8572
8208
1868
2906
8670
5264
4372
3920
3120
6972
2134
106
1982
314
2222
6532
9714
7868
992
1540
4394
4812
3698
504
86
8476
1958
5224
1466
8690
7990
7006
9158
8166
2108
4492
3408
5998
3046
2378
756
6506
2924
9876
522
8364
6846
7950
7902
9632
7778
6308
9642
1580
7770
8346
9358
7980
3926
4498
9538
6670
6460
1964
3590
7362
3770
6232
3136
2924
4624
8426
5066
2050
8594
8282
4870
7450
846
4248
5164
1638
572
8176
2066
9206
964
916
1352
1812
6770
4510
6872
5476
6998
7326
8294
3060
9388
4912
2604
3670
7080
4404
9602
8402
4848
1798
1192
774
8606
3196
4156
1884
986
3024
1190
9300
4820
6260
9866
6028
9056
7708
7816
3900
5512
8560
3248
1322
3124
9714
3786
4148
534
3132
8366
6146
6222
6290
9276
7350
6358
1340
5860
978
1768
2300
6812
3396
1674
2606
304
9292
1484
4848
160
5814
8318
9026
962
4362
1794
4030
5926
8106
1216
8976
7158
8744
1818
4122
472
7044
9534
3140
9824
990
2682
6998
9410
2780
6678
3102
6258
3840
408
7550
2164
7478
9224
2778
8166
8088
7404
852
3078
178
3890
7028
2784
9840
2264
5112
3876
7200
3366
1814
4506
4642
9254
7470
6362
4758
9916
1126
1114
1388
234
9482
802
844
4512
8074
8102
9918
4122
2132
5910
4934
5564
2656
2124
1234
1300
6504
4940
5258
4724
6886
5886
8968
4074
1610
5676
6272
4298
178
1478
6978
9214
9042
4160
6634
4912
798
9806
7524
2142
4898
3972
3078
5050
7966
4600
8456
96
1988
3200
2692
7182
3628
5062
7140
2202
1134
8850
2990
668
8144
8934
3474
1858
3618
7428
4640
8838
8236
2190
3646
9776
4386
486
4562
9496
3222
3686
7684
2550
3176
1756
4236
632
874
9820
3338
6702
6198
9036
4568
7636
2716
9080
7608
428
5648
6554
8732
2102
6714
3528
8498
6578
9764
4014
6888
8088
9100
8204
6262
6786
7098
9668
1678
3022
2618
772
3852
8328
2908
5636
5618
5594
9016
7010
2822
390
4812
8506
1152
7422
1008
4722
3468
1648
2904
1280
8928
8300
9796
2822
1932
262
266
4946
5060
2084
1466
4208
5632
5810
1576
1342
692
2414
5404
8908
9666
8228
1458
7952
5726
8108
2560
2758
6422
1110
5032
980
2842
3058
7342
2934
5272
3826
5722
9374
8538
80
4836
7088
1676
3792
9864
3158
7546
9708
1800
8268
512
5416
580
1536
1766
6574
9072
3872
2860
6678
5468
9606
8612
4310
3994
6192
4220
3300
7882
8868
2732
2196
6470
9282
9898
9116
8546
4700
8084
2332
6120
1402
9938
5810
7738
706
8590
1636
884
7630
8920
800
9544
4710
1240
5794
8496
4994
5268
698
5682
7636
8568
6282
8454
838
1044
1784
7662
6058
7116
1664
6384
6852
3250
9506
7726
6822
84
9276
8124
3310
1992
8874
2138
2174
2988
7194
9866
6164
2566
284
9854
3194
3770
6248
5434
8472
1914
4246
4474
296
7326
1158
8094
5788
9546
1732
8592
3448
4362
992
4866
5264
126
8882
5876
5612
9246
5134
6858
4146
692
3482
8310
9412
3380
1752
618
5522
548
1202
3224
6858
3652
1088
1752
5500
8350
8630
9272
3714
7052
8196
6350
7982
9850
6328
5550
3962
9654
8300
6022
7520
8534
9798
4684
8186
8538
2410
2148
7450
4612
1340
4386
522
7448
9700
6072
3424
5698
5710
7000
9452
5808
8642
9984
9792
6826
4234
3624
390
6128
6320
3842
1888
2766
4792
8794
4520
6222
1686
6016
5804
9674
1278
88
9526
6344
3190
5220
486
1168
8818
2380
116
8656
8614
2396
2098
2458
3480
4028
6730
4154
4100
1750
6448
3646
7396
2146
3512
9240
4328
6518
7326
2676
9406
8780
6952
8904
4382
8278
210
6492
3886
4922
8482
5812
2030
6228
7466
162
5668
912
9306
7754
8992
4378
7358
1172
5812
8380
6814
7290
2948
2038
2124
7772
2166
7252
6184
8242
5880
216
8552
8376
2510
8138
9884
2624
250
6188
4574
9318
4910
162
82
5376
9898
2048
7784
5722
3740
8432
8990
6878
9796
1190
594
4726
774
8998
2062
796
924
7802
4148
4376
9792
2072
182
470
4328
6414
2696
9602
2162
4258
5492
2950
9514
2600
5124
1180
1724
6236
1918
3170
9854
8538
3350
7356
6800
6570
3100
6554
4308
3920
532
3350
4506
1776
3788
3948
7888
2484
1450
7808
9172
6922
7116
6788
328
5270
3490
4642
3286
9932
9314
1118
7644
4958
7404
6506
5038
1204
6928
8650
1210
3352
7902
2184
6308
4416
8780
5808
2328
4340
5862
134
4020
5594
7388
5996
8784
8426
8814
8472
8714
786
5564
9588
3946
6900
5678
4922
7126
8888
556
1066
1132
1230
4676
4312
3300
1512
3670
792
2662
4936
8258
6520
3654
1968
5612
182
7024
6770
6664
9602
5080
2736
3956
2294
8072
6052
3462
3060
7334
4232
6470
254
8298
2248
3552
7020
9510
4956
8238
8044
3086
7578
1116
9938
844
4426
1908
6596
8648
4022
7270
3952
2672
2638
3504
872
5510
6920
2920
3348
4822
4970
6948
8806
9156
4848
1826
826
9658
2400
7280
3170
8166
3550
532
8876
5846
4170
3712
102
2836
5420
9462
9616
2204
1864
2698
362
6884
5410
9156
9604
4250
2348
8428
5118
6318
9122
3798
5990
9420
6452
3850
4520
5666
4972
7146
2452
1990
366
9174
7102
7600
1764
4676
5064
892
4834
6662
1360
84
922
6496
7560
9044
3100
2874
9584
9478
2766
6464
124
1432
5546
1250
2090
6558
7684
844
3398
6592
7566
5420
5186
4778
8818
3690
2442
7522
8084
3526
6972
7308
1352
2406
8550
1626
4680
4704
5112
4648
6856
158
1636
2074
1502
2834
4726
6042
5246
7484
6380
5786
9038
4820
8498
2450
7738
6156
8320
8982
5326
4824
7790
6618
4960
7456
62
6656
3398
7886
4248
152
7684
9032
5470
2266
5740
1596
4742
9748
8082
90
5802
6664
8740
144
6928
2868
216
4346
9212
4720
4794
620
6194
9934
7530
9862
5462
322
9974
3106
3292
2754
9826
9888
2292
1206
6236
2260
3278
9298
2638
2980
5766
7076
6664
6810
9704
2776
896
472
3128
2764
532
3682
9412
7046
5392
6990
4454
1238
1516
214
8774
3410
590
9062
9200
3064
4662
8432
6072
9680
5324
7038
752
2950
1352
1520
1906
5328
8676
5116
230
4954
9746
6588
2572
6126
6774
6692
8202
5374
7812
8846
7248
3356
4682
1334
2548
6272
534
5204
5492
2710
9904
6350
6050
2314
7468
6746
808
2802
8016
2906
2900
8402
7162
8768
2534
9504
7314
4046
4310
2398
6130
8976
7740
9688
2862
1622
4212
7756
6008
6142
3120
3030
2326
772
4028
6402
6136
9156
5158
5182
7608
5616
3194
7214
7638
8582
3376
6518
9178
8544
8588
2406
3962
6120
6654
402
8728
8060
3144
594
842
362
9296
8978
1976
108
5660
708
5008
4074
5654
1668
974
9456
3534
6464
5150
7856
3312
3444
128
1614
1482
4192
3694
8410
7762
6014
6194
1476
5466
5238
5404
4854
1390
4982
2396
9880
8536
8266
4486
1042
8678
1394
4952
3948
8642
9460
2550
4250
1356
1204
1744
2346
7858
7588
7510
8634
8046
7900
4934
7642
6158
4752
7404
7400
1632
3036
3504
1560
2446
6752
6586
8036
5748
5250
110
1186
5578
2068
8830
7934
7988
6228
9128
1756
196
8882
440
4306
8976
7746
4316
6296
2966
4384
3838
616
3978
8534
8392
5598
3410
990
644
4668
1524
9160
2438
8910
9444
5470
7858
8812
6642
1258
892
7338
6146
9312
6516
2036
8260
1252
6032
4162
4486
8182
4160
8038
5322
8898
2596
2470
7516
1268
7674
3046
7994
2560
4336
1902
1936
4018
5440
6492
3456
3890
2432
8270
6728
446
7878
8838
5198
8230
138
8630
1868
2586
4328
2366
4506
1776
790
7738
8722
4366
3552
8694
484
3776
2338
9080
9112
6888
1638
3444
8292
2370
3178
9734
7910
2176
2846
988
2048
2182
7976
2080
3634
1798
750
6620
3186
6638
2614
936
6334
3050
1724
6672
6882
294
8656
3848
3248
3722
120
1380
1466
3766
7268
3012
8968
5748
6086
4250
5350
7846
9356
6480
726
1306
9242
3018
5016
5198
3360
4670
6460
2268
388
7126
9210
3148
7526
3596
4716
906
1034
6868
6202
3958
4736
844
156
936
7374
5438
9430
494
9456
1944
3610
6042
2148
406
8530
7700
9370
1212
7874
396
1078
3806
6784
4914
7466
3208
1232
5784
2328
1402
7084
6910
3134
3228
5602
1660
7830
8314
8330
380
5754
3444
9506
9504
766
726
9654
2452
1526
3388
4144
8616
9286
4912
8460
3008
78
550
7018
2814
6788
1746
1740
9022
6866
6438
3672
9870
9686
4680
4162
3980
1500
8934
2378
3550
3232
6716
9096
6560
9912
9400
3382
638
8132
3098
9502
6426
1148
6952
8556
5416
5600
610
7878
7030
9742
6818
1332
3336
2470
6902
9240
7542
6616
92
2826
318
7900
5244
5750
5288
8926
5402
2090
536
422
6916
8538
6700
5282
8556
1324
5356
5372
3896
700
3426
3052
2592
9762
7618
9226
7152
4886
3174
1610
1536
5812
2814
8806
8806
6914
7240
6424
986
9176
7478
9872
5594
6316
9682
3934
9302
8690
6934
3052
3846
7884
9772
7350
3162
8756
1552
358
5768
5308
6946
2600
4176
1076
776
2770
6570
3092
7248
1056
7912
4794
1572
2290
1880
3354
9712
3326
1420
9994
7066
9802
6768
3304
2622
5806
9204
1978
9158
6104
6148
4178
814
6574
5840
7438
4724
3918
9936
6014
5492
1486
5604
9950
8042
1968
7166
6278
3164
1014
8458
2516
110
4824
7564
9014
2340
9868
3106
290
2804
1828
9894
9122
702
9852
7444
6036
9196
1048
5504
4644
3962
8532
664
5806
1818
9212
4076
7290
7982
8120
7764
3618
7582
6596
7622
3380
6762
6192
4142
7082
7392
9692
5880
990
7178
7576
8046
4098
3276
6030
2710
874
5868
3816
1720
7498
5682
7726
6782
2120
2458
4562
9298
4180
5426
9580
3710
4232
2418
9590
3890
4630
8818
8746
6370
9420
1708
4750
3852
7660
562
7520
4176
6738
4226
9142
9016
6346
5436
9718
2026
7330
3398
8842
3940
4722
4356
2106
884
8014
5360
572
5872
246
784
2684
7780
1984
9078
3548
5548
8260
6062
866
3370
3276
9784
2212
618
3126
9576
9108
4936
1020
9984
5038
6446
7982
972
4120
7716
5994
3984
6494
5728
9440
3666
4200
6840
7692
4142
228
4526
2932
86
2794
5828
800
7094
5262
3522
1256
1440
3224
140
5934
6774
1744
4828
2122
2220
4076
1738
2920
5234
1402
3864
6048
1912
5610
9362
1748
8364
6944
3266
1430
2426
1260
7946
4952
5644
3562
856
1126
9792
3828
6228
6248
3060
7920
8572
5420
2910
184
7044
1290
1036
3660
2922
4370
9978
6594
2788
5686
6626
784
6842
9258
1476
2736
4158
1330
8742
1704
2196
814
7816
3226
1128
5972
3976
3444
388
7622
950
2594
804
7886
6120
9162
2174
8420
9852
2512
1330
1076
4376
5128
9116
3444
1396
1080
722
4738
8788
54
5756
5174
2068
7678
7970
2738
6762
3678
2536
3914
9172
5496
650
8070
1248
7248
6050
5036
8678
2654
4680
5268
8118
1818
9082
2250
7174
4840
6254
4132
9868
3886
5294
5672
1676
1890
7788
7910
9278
5608
58
1664
4416
7134
8590
7164
7310
642
6116
8042
4732
9662
9344
7446
7414
4620
8202
3482
6978
7896
8986
7152
5666
8528
2080
4854
7474
4834
9132
4450
1010
7872
2014
4676
4676
752
5846
1522
402
7388
5936
3006
8534
3720
8088
9910
552
8836
2170
66
9308
2842
4880
9286
6002
9338
8400
1766
5948
5276
3110
9120
4296
2056
1446
3088
1060
2884
7096
7818
5692
3608
1650
7910
1026
7090
7964
1648
9934
7948
9734
1412
612
1112
9218
9184
9768
4866
2790
8340
890
8730
7432
1162
4274
9124
2744
2694
8744
1342
6006
7068
8454
6300
9734
1912
9922
1078
2202
5628
7258
734
2458
4522
3530
7300
3640
3040
9318
6670
5886
3992
7400
3750
9810
2028
3298
912
9090
7706
3440
3524
8220
678
620
6680
9932
2326
4944
8848
1738
8922
6328
5768
228
9812
270
5710
362
190
5600
7832
3066
964
4602
944
614
8212
7986
9728
7018
7716
7744
8364
6850
9406
7518
9040
2664
6510
9218
9702
4030
8700
5824
8294
620
3538
4544
314
5096
9696
9548
5760
5242
3522
5804
2146
9696
6522
7968
8786
1886
3356
6264
8232
2288
3742
7186
5572
6830
5314
8678
1832
1356
6408
7082
786
4150
9900
3478
6298
9496
2012
1238
5364
6678
2544
224
6510
5978
5828
1974
796
9054
8738
920
226
4544
84
9872
7872
9412
6246
6024
6506
9564
3412
9104
334
5334
5300
9350
5726
8098
6610
5902
2222
1030
7464
4778
596
4168
272
6952
2436
8326
1598
3908
8662
1990
6074
470
7404
3422
8020
5050
5410
9556
900
8702
3742
2922
9148
5828
9882
1280
2128
5024
1658
3482
3276
9728
528
4410
828
9460
5012
356
1758
8248
7520
1178
462
7274
9890
4326
706
1134
3882
1722
7958
2958
3580
6688
6390
4352
6984
9304
8844
2892
1408
3902
6734
8222
7848
5622
7072
6950
5330
1636
7388
2562
3680
8846
572
8356
114
6766
7678
7346
6834
8924
8586
798
4472
1088
7604
3230
1834
7522
7110
2840
886
4696
9324
2748
9680
6404
9954
8660
7736
2042
6056
5932
5402
6224
4870
640
9466
7948
426
1562
9760
8256
7664
8608
6718
3412
3308
4340
7442
5924
8004
2814
1956
6976
5948
5220
2884
9914
644
5018
4272
2062
3912
5274
9958
5120
5428
968
3096
4776
1114
1586
8626
4848
1312
7550
1916
6340
9504
8588
994
3994
9624
6392
9546
8090
8316
6686
4842
1054
2926
3028
3960
3964
7562
938
9364
9986
3036
8746
5876
3966
5800
6122
488
6356
8852
5314
7234
5914
9676
3844
604
5070
438
878
7664
8800
7156
6662
4920
3390
5204
7838
9362
6420
4322
2130
6804
5858
8968
4928
9460
6932
9196
2274
7692
7284
5264
2334
2064
3140
666
3292
4794
3832
4466
1404
8928
4020
8648
3354
3682
5370
9932
914
4454
3144
3232
3676
2318
2382
4130
7000
4582
8654
9854
5896
5528
9224
7280
6792
2840
70
7232
8768
4300
4214
6246
6828
4640
6030
932
4856
7624
2394
4942
7962
700
4578
7894
5072
2346
3092
5564
5040
4702
4822
3588
6190
4748
8730
8512
5124
2906
9408
4074
772
7648
7386
5724
5702
1800
5200
4944
9920
8510
2772
1868
5250
9802
9598
8820
744
8850
5586
3636
1720
630
7924
6674
3928
7418
1668
4128
2638
7666
2106
5418
8218
3138
9354
5866
4802
8318
7354
2768
7088
2928
9978
1190
7406
4786
2002
5734
3890
7400
3894
1746
2510
9348
3070
3318
2630
6170
8724
6896
3410
7006
4056
6996
8896
6134
252
6070
1746
4934
3792
9386
7684
5440
8712
4142
5016
7702
3390
6496
7818
3624
1614
5554
3860
610
3982
7522
6004
5776
144
9444
7982
3790
5386
960
7196
4608
146
4376
5838
6620
6704
7960
7390
3582
8356
7372
9650
3880
5258
4688
2904
7098
4754
5676
7800
304
4576
4230
592
1346
726
5402
3602
7030
7072
6748
550
8530
1264
790
9482
7322
8872
3214
2600
2366
6458
766
3066
7020
7714
2832
4354
1588
3226
6232
6718
3760
7822
646
1288
9626
708
250
8174
2860
224
5422
970
650
1896
4642
5866
6952
1530
1464
8586
2516
232
7790
1890
3400
7480
3948
216
584
7424
856
6268
1182
7824
988
6262
9134
9236
2670
178
9366
4702
4914
4880
9644
418
6312
1216
9818
9926
2802
1122
9226
8546
8596
2624
7256
9062
1502
4120
4694
3482
9962
9258
3154
6172
3342
880
2418
2074
6846
4112
9326
2430
2000
50
1958
584
6800
192
5124
8468
9774
5076
2842
2850
8660
8454
4100
908
6826
172
1234
9798
6546
7130
8680
78
2376
7670
280
3784
624
8982
7254
5918
1560
6538
3150
3382
2856
62
6322
5940
4718
9538
3002
474
1548
2572
2102
6246
7940
3574
9940
4984
7376
1430
9530
5792
3924
2608
8530
7824
2800
1142
2742
6622
1706
8394
6470
1086
3908
7080
7474
7462
6588
4514
7760
8770
5136
8410
7210
8338
8830
3466
5180
7046
6696
2660
7776
3236
6938
2936
5736
3824
2418
7266
1010
5886
7084
1060
1510
8874
9064
8638
5188
2920
4290
2750
5456
8044
5002
4200
5902
7766
3100
8794
9824
4634
6092
8096
3376
2290
9074
4392
7292
1418
3968
6128
5582
8456
356
5760
1806
8864
9920
5542
5898
4298
8522
9850
1308
6756
6036
896
4722
7226
5600
4640
1714
4262
5260
4142
3532
7330
6860
9540
884
110
7814
9174
3036
7326
5750
6426
1062
2278
4186
5882
6296
3242
9354
9526
3452
3514
9870
9802
2024
3278
8668
9842
9740
660
4618
1426
7394
5666
692
8190
6358
4038
6798
1692
6292
7762
1914
6930
7826
9016
4776
574
8450
1106
9900
7940
5138
1276
5920
1260
9018
1068
9344
2252
6514
2748
996
6692
4470
9934
7422
8866
5218
1182
9762
8746
9524
3810
4966
4234
4276
4576
8002
9358
7156
2456
1544
2198
4176
4228
3702
288
6052
9730
2604
8268
9104
4086
2672
4876
302
8680
9946
1892
9208
9264
9848
3016
2434
3006
6822
4126
9910
770
2658
6354
5460
8630
9264
5890
1168
7638
6500
8962
1006
9368
5706
9254
924
6502
3328
4376
8850
3038
4532
8578
8308
2496
390
8038
4762
8810
7390
8748
3742
630
5906
4370
3364
7368
1350
2144
5834
4890
2584
2028
6522
1036
2954
8976
112
8780
50
5962
1852
6540
7536
3894
9296
1458
7534
8874
8182
1320
3488
5656
5938
5602
5298
7492
2828
4042
9558
528
6442
1658
3372
1314
9090
4762
9694
918
7316
6648
5656
3556
428
6408
2198
8308
9472
4958
5206
600
6334
3672
6722
6836
6188
3108
5754
510
3764
5162
954
8050
9864
9484
922
7322
9494
4414
9346
7058
4180
8048
1432
8584
1690
5458
6634
7280
276
4040
1276
9712
7178
8652
3744
4910
7552
7844
7384
3438
4314
3164
4434
9256
9320
5096
5356
9376
5388
4780
1978
5642
8476
9998
4342
5924
4972
8258
3870
9728
5074
8332
6956
1024
5110
3214
6988
408
2998
1840
2204
1978
5614
2068
7920
5570
2868
2690
2736
9992
8444
3872
4902
3086
6562
8454
5140
9912
5384
5896
3808
2438
5604
5102
5536
922
8270
7310
1666
8088
2516
7192
3926
8656
3454
9556
1982
4042
1238
6572
5550
954
3392
3712
4762
8466
3132
9480
498
6058
9708
7732
7996
5000
3210
1504
1228
7176
140
8038
7452
998
4560
7230
78
9090
9686
2262
6406
9022
6798
7692
8444
2194
1624
4038
2832
7716
5854
6462
5444
6158
5792
5442
216
9980
2508
3128
9600
1362
6018
5076
8698
7120
4026
9424
4278
8702
5102
5004
9032
182
4392
5754
3202
6140
5766
6450
5956
1024
2720
4088
2130
7842
3916
6762
9678
626
2454
6332
3424
434
1366
7728
2440
5268
4136
7934
8626
2676
2630
1044
3236
5120
4078
6906
5028
5840
1304
4286
162
8254
208
9560
6282
7670
1166
2294
7010
6094
6422
5626
7690
4864
6544
7246
7822
2270
9690
562
406
9786
2500
7784
8800
3468
4192
1572
4124
1806
1564
4862
718
7076
8674
5462
1472
6290
4482
9678
8896
9694
8460
7656
1604
9458
3858
4722
632
4638
3446
8388
418
168
1748
3890
4332
194
2736
4306
3894
3706
7208
7432
9952
8066
6408
9858
98
8842
2974
8796
8710
3238
9254
2288
9372
172
1936
4456
4898
6102
8984
5506
690
5488
7404
308
1120
2952
4074
8418
4102
5654
4530
3340
316
1876
9176
9074
5156
7266
8136
9164
6326
8012
9500
4700
3898
5456
3092
4852
348
3674
318
670
7498
5704
6558
8628
5532
852
2934
2052
6082
1204
3652
5646
9954
2796
2872
7588
968
4588
1646
3106
3916
7938
8644
8704
7408
6054
3848
3118
5540
2230
8000
9914
6698
7806
2994
9572
9930
2750
5114
4064
3728
244
8054
3648
7958
9770
4286
494
3100
5052
8718
8248
6546
2646
8870
8118
6978
9818
7568
2246
5416
968
1778
3056
208
6178
9526
5876
6836
1788
3592
4228
2552
2982
3034
6832
4300
792
9128
1318
9010
7100
5736
1138
8686
3904
3126
8184
9738
3744
6202
6116
1838
784
8112
5358
9662
8742
8642
5984
4876
6854
2378
5748
5222
3822
3898
8506
9110
9144
8024
330
1636
5146
5004
4444
3012
9956
8962
312
8564
5886
746
112
6638
6090
8854
8148
5560
2776
5432
9000
9438
2780
1118
3512
2570
1684
2926
4504
1290
3890
4546
5566
1262
5246
8938
4966
118
3790
9600
6244
1644
4156
8556
2214
7024
1078
6860
2812
4528
4408
1682
9584
1062
4702
4358
1432
7518
2644
5962
7694
9110
2340
792
9444
4396
4426
7668
4792
1462
1516
9994
762
1600
2306
4798
1012
8306
954
1524
5752
476
9346
6008
144
1178
5452
948
814
3114
8744
6626
4114
8736
3920
6418
2538
3604
634
3856
9174
9274
496
5446
1974
4548
3778
8250
1572
1038
7722
5316
8130
1464
1066
3968
464
936
8440
2404
7328
9120
1122
8618
6402
7954
8072
7682
8856
3372
9864
7488
9052
4114
5070
5526
3742
1184
4468
3654
7796
4192
3814
9796
7386
2386
8970
4808
2138
5748
3490
6692
9038
6042
7908
788
5832
8252
8842
362
8096
5898
8844
9874
2888
1556
8942
4384
7764
9294
1904
6532
8016
2098
3380
3422
9698
8936
6800
1834
8894
9598
7074
2506
4202
7978
642
7554
7224
8410
7902
7322
858
2760
3994
1734
112
1282
7238
4880
5820
7454
7140
2778
2990
8768
3888
7188
7876
684
4374
3546
9642
5996
4000
2974
7404
4876
104
900
5960
7464
1246
6510
7628
318
8998
9868
848
6520
1120
8872
5278
6812
9754
3086
3010
3510
4470
9642
6706
9180
2284
6250
7664
678
1172
798
6248
7590
1772
9284
9612
736
8856
4860
4608
3610
8474
6810
8812
3168
3892
8396
8346
6476
6474
3402
1308
5900
880
2360
9634
9904
2066
6324
7470
108
6610
4792
768
5538
9448
380
228
4034
7332
9576
6102
9554
6308
2898
1796
6566
3028
4800
5520
6228
1042
1644
4820
6740
9796
8754
7554
4024
9316
4358
1150
1078
5154
8400
1282
136
3800
5296
2448
2156
3598
700
8332
1458
9212
2990
1210
6748
6876
4928
6888
910
6624
4248
1072
6524
7846
2576
1208
1940
6660
9732
7818
5124
7802
3666
7642
4956
1160
3060
5718
4400
6840
8026
1650
8460
486
9786
1302
7874
1176
6798
3692
6038
9456
9992
7410
9332
2708
2594
8024
2052
9130
9776
3332
5742
5640
1706
5564
9608
5508
3320
3966
9578
5082
1862
6410
9870
9542
8582
3840
9142
4124
1900
4756
6962
9008
5944
54
2270
4764
7166
7888
3834
3142
2178
2182
8200
7428
1990
6526
5368
2702
9112
1972
356
5846
9714
6906
7344
5298
8324
6430
8136
862
9282
5770
4310
100
4764
9790
6014
8672
2236
1322
5172
1306
2622
4878
6558
4310
5640
6406
8602
9008
2042
1780
5850
4938
9860
3924
3284
1502
5988
9556
4248
842
734
7152
9400
8348
6440
3608
1366
3402
7780
3998
6482
9562
8578
1618
782
814
8664
5740
680
5688
9018
2850
3014
8952
5898
7260
6860
9742
4868
4274
4792
1066
3454
2088
3202
6642
5462
2394
1054
8004
5312
5024
6030
4598
2764
3776
4218
6154
6472
5364
1506
1482
6480
7388
6732
7248
4200
5774
4828
2264
2828
9978
2136
5782
6446
1314
9714
9150
8364
8276
654
9286
5042
1916
9952
3666
5736
930
9548
9690
6558
3430
8056
4332
4940
2040
9112
9044
8282
9396
2782
8480
7140
7408
9174
9050
3784
870
1818
3004
1982
7956
1198
7996
5758
9680
8708
670
4974
4850
156
1218
7760
8878
8288
7050
6582
4690
7020
9976
5850
6050
7154
5246
816
6532
758
3652
9372
428
6602
5856
1512
1840
1268
6908
1242
1616
2350
6730
1810
9128
7310
332
6646
4372
4684
6046
2366
1826
1490
3768
2224
1128
2476
5510
826
5066
1962
5584
9374
712
7104
4100
1888
1980
3656
3512
96
4310
4630
472
2990
6200
6492
6290
2792
7612
6602
7422
9876
7454
6168
1276
2312
9712
7334
4250
3912
9826
6558
3928
1146
4478
6406
9562
1276
7064
5764
120
6912
2896
2158
2844
8202
5066
5176
2630
2396
432
4494
3882
5298
4432
2448
1964
152
7162
888
8380
5430
2762
3974
2542
6768
9952
3948
5282
6140
544
4018
606
1576
7682
7438
9366
6522
9432
7826
4964
7318
6242
4034
6544
1660
1526
8208
8666
5430
4322
2734
5156
6516
1430
3388
7918
4256
2796
5610
8634
4672
1560
5376
4140
4388
5946
1984
8612
6548
9198
2998
7382
9592
1442
8282
9770
9174
6264
9798
3292
7134
326
8062
272
3086
9582
758
6044
7520
8432
2546
8430
4756
1256
7268
4178
9454
4918
9736
8290
7184
6740
6156
8114
418
7794
3448
6556
5550
5204
5900
1138
6872
2358
8602
1504
8510
6080
1652
8980
6690
3048
8726
1710
9326
898
3310
6412
9648
3144
320
3248
4336
5436
7040
5684
1570
2628
2438
8286
1946
1284
7868
8706
650
9852
9380
4164
652
4730
2632
8408
6006
1014
1076
4760
4446
5220
2584
8928
9420
5470
3916
6032
3352
7240
3168
7920
7852
5102
9132
4956
438
8086
4296
6810
4652
1982
4398
8586
3316
142
1024
3848
6662
7588
8842
936
7632
292
1904
1920
6630
820
7374
4018
6768
5846
934
2480
7544
9514
1892
5356
4710
640
8830
3496
3684
1160
1622
6238
4264
1124
3730
1606
2854
3082
1122
6446
3818
7616
7292
4996
4302
1096
4570
4528
864
1530
2600
990
7734
2028
3648
1440
7220
3726
8300
6470
630
9146
1950
8960
7302
2926
2676
9074
952
1342
9810
6052
7706
2332
9722
2128
5112
3812
9802
8524
8872
9678
2658
3996
4422
6014
8246
582
2482
3382
8788
9594
9792
654
4726
6380
9800
9126
1784
7250
1436
7742
1554
7956
6170
584
7344
4204
5812
3604
4948
2268
5332
4388
2228
6168
1128
4132
2164
4942
7400
4010
1996
3530
6998
4078
2514
9034
2700
8516
6654
876
1210
7752
3298
4272
7572
5362
2726
1200
886
6748
914
590
3240
7576
7740
9522
7278
1902
9944
2236
7874
4966
5310
350
7982
6486
1172
3926
3686
6840
3718
4082
1260
4924
7924
5634
4906
8708
6768
606
4518
1224
7000
5828
8972
876
4558
4110
5016
8464
4232
5540
3104
3412
282
3864
2990
2636
3032
5484
8648
3866
738
9554
2066
3876
3590
2270
8156
5644
9642
6230
8118
2590
6640
5012
5792
2978
4354
4446
9920
6328
1950
8372
8942
1074
1418
588
9296
8298
1758
3352
5920
2904
4086
6648
6760
1272
2376
6398
4188
5900
8098
9032
3956
556
2302
8772
9606
4770
2486
6182
1092
2812
6508
2662
3690
5788
7234
734
3988
8204
8454
6592
1084
4968
670
8970
6306
1620
6836
4520
2638
8436
7664
7674
2486
7154
2664
3934
1812
4828
2778
7032
760
8108
4064
8804
3030
9238
7746
970
6898
6854
2718
3610
5894
9208
7162
2590
3560
4948
2398
456
4696
6998
7064
2272
3314
7372
9664
5594
3520
4580
658
474
6118
2402
6464
1152
1520
4958
7210
118
120
3210
7916
2782
5904
1152
5896
9716
1320
1946
826
5564
3740
7524
5096
8774
3976
278
2976
4294
6924
1776
7052
8542
1588
910
1542
3250
2342
7446
4414
716
3292
8820
3720
3550
9464
7816
6024
236
5768
7944
8896
1472
7238
746
3272
8444
3870
3336
438
2574
4510
5900
9060
6534
5500
1656
2958
3818
5850
1748
8778
6252
8120
2274
5832
4054
2098
4266
2946
2656
7278
9926
8376
1168
8480
5328
9278
8976
4608
8234
900
9614
7224
5214
2016
4968
302
9866
3954
4642
1652
4548
5042
7706
2776
676
5390
3606
8984
3954
4082
4580
90
7620
8830
3912
8796
6886
578
3822
9688
2538
7430
3098
6566
9414
1620
4250
9556
3460
2508
2922
3530
8220
2852
3962
8702
1468
4552
1826
6774
5012
3424
5608
5614
4058
5554
7306
5750
1454
5272
3674
686
4404
6822
5874
392
4368
9028
8728
3546
6098
534
4178
5254
1306
2288
5234
218
9824
1622
1688
2974
7720
4234
384
9598
6982
5532
1546
4510
1906
92
8430
3694
4176
3262
7104
4294
644
5852
8540
1854
4128
3808
6302
1552
196
2250
6580
7274
3144
8238
2022
7930
5908
5132
3516
7180
6998
1480
3190
4304
206
2294
92
2470
7424
6550
2360
8616
5856
4438
3958
8084
5848
1650
288
4522
3732
2630
4380
6536
3356
8578
2650
9794
5778
5742
7552
4454
4082
7358
7274
8376
8622
8118
6350
7314
5806
2956
936
9222
9662
8588
234
734
1264
1734
1160
9854
1090
9250
5898
7510
7998
370
9854
7060
8284
8392
4406
6426
6630
7516
3918
3806
3244
7878
5094
8306
8924
1046
2858
3284
2858
9418
1248
4110
2236
6556
818
3738
5922
5728
5074
364
9860
4218
8054
5350
8822
3716
5230
8592
2014
8972
2502
3584
7964
8700
5342
7442
7316
9526
2552
9636
7368
1718
5388
3798
4598
1012
502
5254
6918
3484
7572
844
730
3066
1536
9270
5294
1884
4706
7412
4000
1736
3662
1844
3908
8856
3422
7080
9888
5896
2568
890
3964
9282
340
632
6334
3090
376
5836
7858
7652
4784
8544
848
4098
2728
1052
2240
7780
6064
990
4530
6350
9174
4168
3062
6612
978
9404
8068
6572
2064
5748
3842
358
7890
1470
5518
4516
9058
6756
5496
9598
2822
7592
6696
5090
4492
3452
8608
3490
1890
5680
3908
6506
3456
7614
8262
6976
8906
9754
1370
6306
9696
2676
8096
3612
4082
8660
2496
1698
7506
7292
7850
684
5328
9400
9700
8054
6428
7896
6560
2468
3264
7058
2824
2740
1670
444
3964
4164
7344
7632
6052
2344
680
7378
1492
7986
8676
514
3576
3018
6674
3002
3262
3128
8972
5240
7866
4260
2428
4374
7992
8644
9280
4760
8922
6918
3836
8324
116
6924
1332
5602
7470
8346
4156
692
86
6366
7552
58
1466
5364
1866
7876
5374
8590
7584
9382
9684
8924
602
4904
3066
5678
7126
5390
9882
8754
5154
602
5896
5106
7180
584
9504
4648
8494
5542
9224
5792
9144
7098
550
3288
9612
6890
214
4488
8612
1814
2212
4808
1246
256
3268
5938
6418
2788
1720
1316
1942
5382
1282
4470
850
1200
9422
3204
4168
6240
3052
400
8976
7132
568
9114
532
2252
8858
9696
9798
3626
2568
7394
3938
202
6924
8022
9022
4338
8960
3940
438
2252
9704
2044
5354
3260
2448
6570
9638
3978
5558
2528
2326
3046
7432
4306
9516
8608
328
244
8742
6508
6308
152
5294
6900
224
8738
1944
8984
7288
3744
9708
298
3878
1928
9152
2986
6120
2290
452
9988
4156
8158
6012
1680
9656
8080
5164
4636
8678
1554
5704
732
7754
3160
7990
4986
2106
6590
7478
8514
8346
6300
7612
6516
7176
756
2442
8098
2512
1168
4372
8262
9452
2378
4442
5318
9478
9258
1898
8896
216
2008
4938
3764
8004
3660
7598
1228
1458
786
2850
9538
3908
4044
3806
3446
9790
490
6436
2790
9104
5586
7272
6150
6554
2580
1922
7036
1794
3990
2468
9390
608
334
4426
1892
7244
7462
5174
1364
8204
880
1742
5354
3026
3536
1086
2314
2198
4584
1190
5598
4530
4340
6306
9224
7982
8040
7130
4408
3628
658
3006
3628
5622
8900
8564
7442
8648
8436
402
7982
6132
5008
6518
7776
3394
2958
3876
6372
4976
5160
8330
6978
4014
6162
4048
2948
4284
7382
262
9778
3622
7510
4198
2710
4674
4254
8810
272
9842
6526
9724
994
7698
1632
9282
7796
9712
3474
760
2832
4536
586
6726
5836
4648
7208
9872
2572
5172
9790
7754
1402
1974
4650
60
940
5468
4278
244
9726
7342
1130
4394
672
7110
8958
7112
7828
9340
4600
5878
9262
7316
5470
534
2740
150
2920
8498
5630
7478
1076
808
5924
9202
8852
5704
2468
8668
8722
7690
2724
1616
9296
3380
2450
2736
1712
6448
1494
8528
1212
7754
7108
2014
2010
740
6360
2012
9130
9940
9104
5512
2844
9802
5848
3294
2854
6534
6890
5664
3128
2220
2870
2246
6324
290
4136
5318
3698
5684
3826
3608
5696
1866
5418
9496
2862
7890
7596
1226
7736
414
1986
6492
6364
3518
4552
2888
312
1290
1682
3674
1068
1426
678
4728
920
9808
8748
9470
8412
320
7596
3582
2840
5700
3854
4548
152
5562
8648
474
4620
9152
4420
196
7460
5614
5504
7098
210
568
9460
6928
2598
6028
4592
8932
8126
7874
3460
3714
4636
6602
3948
9214
6490
5088
9426
2894
9564
464
7204
7958
5110
6794
2996
3768
4306
7304
7210
4128
1508
5738
6560
9738
2606
6530
6466
9512
7042
5772
5250
7110
2618
1584
9342
7750
9488
6086
3442
598
7246
8448
1998
8670
5406
1834
742
2138
4580
722
3884
6062
410
6870
9842
4850
7978
1406
5700
7224
5066
7604
8640
8742
1358
6314
8202
8712
2366
9804
8038
7698
5746
3952
4404
7968
1038
8688
5108
2080
9864
7612
6188
3836
5290
1118
3730
5582
9348
1840
4428
6842
5478
5570
4828
5498
480
8968
8634
1180
5974
4654
7740
4522
1836
148
6214
8486
3318
1716
5106
4318
2252
4444
1298
9978
7694
7492
1598
2816
8364
9482
8226
8008
5388
3182
314
2492
8266
454
9998
2484
4584
8384
9974
2508
8316
2288
7160
3288
442
5584
8072
6498
9458
3594
1160
8390
8854
8534
2956
1620
5266
9784
7570
666
9490
6420
3972
2150
3978
2536
3968
2372
5436
758
6078
5754
8492
818
6582
168
2184
8976
3664
172
4598
3044
5636
1534
5134
5706
5116
2554
9142
6902
6462
7356
6346
8006
322
340
8092
3154
9860
5526
5392
68
6702
898
5178
9104
9470
1394
2800
2572
4268
2898
6068
4366
3568
3336
9816
8148
4272
2644
5682
7628
9438
80
8582
3126
4454
2316
6304
3326
5948
3400
440
8126
2222
9334
1600
7218
3534
9970
1702
8578
4882
2180
7146
2948
3446
7484
3552
2204
3490
6086
4424
1690
9736
8036
8040
1494
2304
5806
2626
3760
9386
4412
7770
1812
5676
820
4146
3120
698
6756
2430
1372
670
5874
2652
4186
8038
2142
5692
4112
7632
6534
5990
2478
4342
564
7230
670
7852
1878
7100
9654
5496
4108
9584
1354
6760
128
1268
9922
4220
7430
8470
2250
4790
7596
4662
6938
6466
4154
4996
6834
6542
9428
3692
3246
876
9454
1280
2172
2220
1868
1348
646
1160
8176
4384
7748
5668
9420
5728
4968
5036
4416
1494
5558
4208
8778
7662
4012
3910
1762
4770
9376
7910
8358
9188
9520
8250
7890
6888
4814
4438
3958
2546
6272
7746
272
8036
7656
4250
802
5784
5156
2960
1042
1688
2524
8384
1916
7812
3680
4210
8124
2978
4592
3998
4718
1238
9632
5994
1576
9796
2936
7252
4026
7874
4748
7602
5236
1406
6384
388
9012
6024
3392
2830
2936
7196
6516
7410
1064
3940
2866
782
7350
6526
6474
1524
4606
7056
1342
4276
214
638
7220
9536
7128
9940
8924
9588
2726
7716
6850
8426
5116
1302
264
7508
8216
5858
2252
2664
4004
9526
8010
988
9900
7670
1000
4878
4074
6774
4368
6502
2128
8752
6956
8208
6630
9584
3830
7492
8794
468
820
4526
2442
1268
2960
7404
790
7552
9170
7238
6124
6436
1680
7150
718
4548
696
5308
746
8242
1072
4718
832
5012
74
6252
9600
4484
8470
8834
4768
2390
9356
4294
8414
5750
4944
5800
1574
9066
4786
3516
2600
3594
9356
4374
2386
2682
4168
5080
2480
6322
2102
6078
9228
1736
246
3740
5290
1134
8884
1932
7998
8406
158
2070
7514
3646
9568
9006
102
6014
6036
9656
4756
5206
6452
4068
2692
7164
8892
5636
5086
658
2502
2702
9356
1204
8256
972
7594
4464
2552
4130
2584
2364
9758
4114
2918
6020
9152
3950
4724
7022
9144
1916
8224
258
1644
6016
1766
4716
7616
3890
7258
7884
8762
9970
9198
6770
8782
5176
9134
1958
9864
4894
9844
5788
4852
278
5824
7276
4472
418
7088
544
4536
4458
5558
6652
3666
4760
870
2572
6956
3234
976
7602
7144
7410
4018
1228
5514
972
1012
5170
3662
2930
278
7154
8352
620
2756
4712
4698
2196
554
7362
1048
3960
8606
2736
7790
6400
2408
8544
812
1044
7180
5622
1758
8482
8784
3972
224
7024
848
9326
8554
7640
9808
5330
1234
9884
6004
3578
8192
636
8596
6010
1644
200
3500
6440
7792
970
4826
1918
2238
2168
8848
9872
6774
5698
8006
7460
2922
2414
1860
8066
4500
3094
144
1434
7270
6860
4610
1520
8610
9176
578
5288
4224
6562
1064
9562
970
9668
4196
2776
8684
4972
7638
8832
8376
4986
8120
1902
6568
7652
5928
6466
2036
3876
9576
6844
4074
7342
5980
7654
640
964
7780
6786
7454
1184
2046
438
3270
7562
3732
8964
6042
674
9574
4906
3204
6890
6880
5668
888
8118
9430
8506
6324
8862
4530
1798
9548
7044
5176
9588
6266
2404
8000
6146
6762
248
628
424
242
7150
8658
254
3010
1880
5060
6928
8900
7938
8762
4696
3798
1504
4452
2024
5872
6098
8266
4218
1648
5458
1722
8608
324
9402
8822
5076
8296
9232
4996
1182
9480
7552
2744
9354
2446
9290
9378
4526
8874
2276
278
7528
8362
610
7054
7138
5548
2090
7668
2194
1618
3794
4218
7264
578
704
5414
5868
1990
7746
3658
7584
6508
5932
796
1048
6464
462
7574
5034
2390
8028
5766
908
5816
4372
846
2978
6642
9368
308
4632
666
8656
1044
4246
9302
374
2742
664
6836
4002
7694
5126
2076
2830
9672
2210
1122
8024
1444
178
8252
2452
6674
8450
3488
1464
4978
980
8076
8212
3720
6768
2580
4200
9274
6244
3464
3916
2814
136
8948
1154
2846
5316
9598
78
2216
7564
1976
6012
2210
1850
4956
7346
3732
646
1124
8102
5688
8126
5130
3064
5990
112
5232
8150
92
4886
5108
4298
1750
3128
124
7734
4866
7954
9710
4224
6532
4284
146
9718
3070
5718
6308
5834
494
1978
9454
8956
8094
3872
8826
9526
6156
5440
4752
9888
1024
3418
8656
4464
6454
5000
5096
2462
5798
1424
3866
2726
9708
2638
5200
3056
6618
2514
4990
622
9052
1984
5982
9422
5390
6412
6138
6466
2850
3482
2192
8088
5214
2902
6790
1944
9084
9420
9660
7792
5442
6114
5534
7242
5872
7382
4728
1372
8492
8262
9786
4342
8064
6324
1496
9888
3110
5832
810
6840
1438
9716
6940
8808
5500
4254
1008
6036
3202
2354
9298
8580
6172
6240
9324
1470
9616
8728
3422
9038
2620
1896
1072
6372
6122
382
4176
9080
3438
580
8808
6998
3434
9558
8738
8958
3676
7206
5934
9050
4998
2314
8136
9628
6472
6366
4790
4802
4470
1148
7322
2232
6976
8454
432
7586
5176
4030
9414
8480
1896
5148
1298
3980
6376
2784
3776
2344
7022
9388
6034
1944
6162
7800
8146
9842
1076
2208
6284
828
2136
7354
9402
8358
2792
3226
1864
2814
6676
1800
9668
5324
7712
1480
8448
9500
404
7986
4124
2930
9406
3436
4116
1290
5196
2004
5364
6856
2470
944
7186
4526
4042
3324
6314
4122
2280
702
8014
1518
6800
3304
4636
3900
4090
8692
9466
9976
7398
7946
7968
9492
758
7172
6576
3810
4078
5400
2608
4764
1126
8536
1196
720
3372
3292
454
194
4776
8612
3212
6878
4546
7412
7972
4562
4012
4330
9904
5418
1392
5766
712
7396
3856
9276
8412
8088
7368
314
6008
3502
6224
9200
3516
6242
7926
5210
4688
7400
2650
5628
166
9838
9782
3952
1948
908
9762
5760
9928
4372
8806
1468
1410
9136
9418
9742
5584
9030
466
5540
5586
8266
2420
7042
5154
6164
3012
372
5270
3354
1470
1486
8590
752
5820
7278
9112
8366
7444
2420
600
8010
2532
4852
9872
9384
108
3718
5028
6222
8750
8006
7038
9094
9320
2476
4574
2772
6106
5748
5914
3762
9616
4170
9878
6056
6362
6992
6816
8778
388
5906
716
6930
7954
788
428
1178
9416
766
1122
9556
1968
7224
834
1866
5332
4222
3178
5456
2450
2546
3192
9044
7090
7530
4426
8862
7142
4076
4850
118
4380
3856
4206
5434
3630
2298
1008
6856
1678
3624
8550
1664
7618
1614
2252
130
9994
8940
9176
3306
9882
7578
5572
218
6326
9794
2894
4870
7848
4318
6302
5756
5060
8026
2564
4988
2264
5466
8874
4314
2318
1948
6254
5762
9264
420
8924
1088
9246
2110
1872
7402
6156
892
7652
550
5120
8314
2732
9882
4134
8530
6860
1198
2626
9446
5018
8364
8154
3656
8974
2074
3888
8426
7598
2152
6000
228
9018
7594
8454
2108
7000
3962
622
5744
5286
2042
4486
1810
1492
1748
202
3590
86
906
6350
8910
2684
4722
3506
9804
4396
2704
1080
7428
9770
9926
740
6316
8612
3468
3520
5620
9108
5112
6428
9844
6454
8902
4000
8456
1154
8606
736
2174
4954
3854
6596
3090
1890
8140
5664
4260
8966
9088
4490
3582
9976
4446
306
2074
7370
898
6494
3828
8426
8798
5172
9240
5410
8372
7280
8592
8902
7102
9224
9130
9774
4094
3426
126
7712
476
9988
4702
4966
9148
8206
6574
7584
1874
1816
3576
70
5152
5138
9774
6154
976
5744
9886
7704
744
6422
5404
6472
8132
9766
9184
7976
6802
7474
8398
3780
3364
9694
4740
9552
2598
5850
2386
7456
5062
4550
9070
1358
2820
5936
9326
9952
7288
3722
2622
2636
4826
7898
9262
1512
5760
6924
9032
1818
5428
6958
8478
8452
8410
5066
5612
914
7548
316
762
3724
244
6904
2062
9754
9072
5350
9886
3944
4496
4418
9438
5998
5654
2456
6096
5930
2252
4894
1690
2412
8078
6856
426
9654
1922
1066
596
1508
6388
4426
6416
4974
5288
4010
5708
3324
3818
4668
5276
632
6054
1796
7784
2454
6500
6624
7452
490
7492
3158
4914
7396
9472
3358
7282
4824
8060
768
6438
9754
7664
9970
1954
9056
9502
5618
2752
2258
5900
5738
8612
2266
3824
9056
5306
8644
9544
2158
1114
7460
5928
8068
2848
1494
9832
7266
9190
680
6888
7758
6432
1950
2494
3566
6258
5508
4716
9078
4586
2988
5700
8384
7212
9408
8254
766
7050
454
1780
5170
9376
7044
3530
3348
5814
706
8316
3046
4734
9072
7314
3804
8206
7818
1288
1640
9628
9802
278
6300
6812
6462
842
1182
4388
6136
6908
6876
3458
9118
7414
6334
2338
3362
6780
5620
8916
5162
2874
5674
994
9798
5452
2198
56
7124
4458
4068
5380
7532
8264
5890
5914
7028
3240
3160
574
2410
7674
9464
6666
2188
2488
8456
7130
6676
1210
5808
136
8552
6904
4050
2712
4226
1960
3314
3640
4676
5950
6402
9526
8032
9266
2648
9462
5500
6686
384
4272
7290
8222
6534
4018
2806
9644
1862
5040
2114
1736
9868
1224
9972
7962
4516
8190
5190
6914
6606
5426
9276
4512
5618
4586
5654
9236
3268
7664
5308
4916
2430
3136
6562
318
6656
8418
1624
8580
8266
2680
5306
3008
8640
7310
7696
7404
4832
3450
5018
1568
7096
7272
5592
5242
7660
748
4616
8010
9710
5670
4712
8756
8802
4828
9772
2832
6476
5300
8198
106
2926
7166
732
8374
1240
9596
8686
6330
5500
2884
262
8132
3690
3400
5172
1344
58
5198
412
9972
2598
654
2202
6688
3772
8250
448
6768
6908
4208
6764
4704
2450
7960
4042
3182
6258
4586
3950
5038
1556
8214
6844
8900
4606
468
4956
8064
7300
1346
3368
4960
7264
7696
4578
8894
3920
8904
5734
2224
3060
6002
8698
9918
6544
4896
6258
5896
4594
3700
3524
6512
3602
6290
4386
7624
6548
572
4278
7556
8682
9124
8742
9112
3770
8750
736
4972
6472
580
6252
1422
1040
1084
4332
9884
7638
6390
3638
7084
8442
3444
4106
1584
9152
7518
9280
4088
7580
5780
8046
5554
9396
7502
7356
8792
1280
9090
7220
9480
9730
6644
1352
8428
3814
9812
4514
3994
1810
3394
9604
3364
9376
3864
6884
5980
774
7854
3956
2192
8234
5714
4324
4784
9646
2138
9058
4390
9922
8176
3248
732
5382
9466
4680
8324
1864
1378
1166
2678
6152
5822
7966
8532
5552
6608
1404
9362
5512
7946
9930
7876
4950
1028
3996
1856
9140
4544
5676
1612
7002
7948
8200
8550
1848
574
6530
4860
886
8272
1664
3642
7720
2144
3294
6602
4188
2814
8172
7642
4092
8350
5574
1416
3744
7698
9368
646
2678
3160
6366
1740
4116
358
1482
3744
440
3424
4196
8388
6826
8836
7748
2126
8332
2996
5304
6610
7484
9008
1774
6950
348
1502
2212
3690
1446
4880
6352
7514
884
8516
3806
1234
9912
1052
5270
1722
1672
250
5572
9482
5468
5198
9076
4588
2372
4024
1756
5324
7992
4996
4278
6650
4958
8154
4958
6830
7600
6044
5386
9672
5308
3004
1784
5304
6560
8068
1918
1198
9440
2016
7742
8106
4156
6060
6216
2118
2758
2032
5148
1062
346
4820
9836
2208
2284
5668
544
1492
5084
4240
8240
1168
4436
9480
1374
6972
1850
8302
7402
6106
8556
4416
6358
2042
9722
8742
9266
2472
284
8788
8156
1888
4180
4798
8954
6566
9886
5594
4548
1684
9554
8408
6042
4096
8370
9732
9508
4416
5870
276
7784
4404
5124
8916
9022
8478
3750
3532
7194
4098
7868
1680
8776
7972
444
4082
6020
4868
3242
3008
3932
7470
6340
2022
5310
276
6138
6092
4584
2244
1024
1292
2194
8946
1416
264
6592
6096
1778
6206
1262
2338
2758
9952
1202
3486
3030
5528
5798
1442
3410
4986
3818
7818
1578
1830
2256
7670
156
6314
8786
7664
3202
9952
5274
5374
5036
3268
8548
8794
9716
4696
7550
4594
390
1740
2422
9878
7308
6986
672
6098
5850
7002
8520
5314
1222
2130
5652
7856
6434
7312
3690
3536
3386
5380
7798
4340
3892
5350
8538
1794
5630
8878
9304
9262
642
8694
8914
3660
1192
8862
8206
2648
9656
6082
7632
9990
9322
7820
5960
5500
4222
9972
9026
4646
8434
5928
60
9688
7516
7780
6088
3974
5032
7714
98
2102
5784
606
3722
7568
5638
1796
3140
7862
4238
9208
4530
276
3842
8580
1842
9528
522
6276
4300
3716
8452
3894
6196
402
8944
3968
7008
4052
462
4068
784
4018
6018
5758
2256
5428
6696
1016
5874
3268
9408
6850
7596
9412
3098
876
9624
3316
8152
3994
7402
4138
4510
9092
8208
3092
9796
4566
6504
5286
1206
8974
7752
6736
3962
7142
3426
7324
4646
3496
1652
1364
1212
1454
7698
1418
1524
1048
5354
5228
5328
9654
394
9110
9594
9212
9406
9186
6288
8322
8710
4434
2968
738
276
3438
428
8924
9598
6422
6866
3196
6736
2312
8292
5518
3750
5852
6658
732
234
3430
3580
3802
9968
4946
3856
9740
8950
3630
6632
764
6804
5026
754
8328
9000
3330
8466
716
2634
1858
9006
7466
9254
8962
2846
3910
9730
2118
8120
2148
6780
2014
5942
2558
9184
7016
9790
1708
8194
4940
6972
1334
2110
1774
8920
808
818
2184
2856
5150
7344
3278
4224
3000
4876
8172
7722
5362
9646
1144
6978
6558
9370
8874
7100
5088
3128
6768
5976
1054
7452
4758
2914
3772
7640
7562
5578
4840
572
3038
906
5536
3676
8738
160
4580
8718
2504
3462
4824
170
9760
4348
7848
6108
1444
9126
4702
5366
6942
6606
4746
4178
2662
538
8590
9388
3010
72
7518
9820
8246
7748
78
5142
6964
6124
5478
724
4554
2478
1214
1520
9016
7044
3566
6100
3820
5372
6330
206
2956
6234
9738
6394
8078
8962
2212
4270
6746
218
1994
3594
3494
268
3570
3618
3792
2906
8734
5738
348
9898
5258
5942
2342
8916
9876
6958
6758
8172
8582
5284
8316
7338
6604
6954
2760
5718
4866
9640
5846
7800
6328
2896
2692
9514
8746
7788
3158
1974
1314
9736
4174
2858
4278
8378
5180
3032
8508
6258
3268
8644
1736
6060
5562
3398
1308
9780
6786
7954
4840
1652
7236
2204
4070
3234
5522
7430
4140
1978
7164
6684
1278
3320
2340
6846
4184
6812
2104
8162
1226
9904
9918
4144
5676
5636
1850
4234
1736
7044
6604
4446
3376
3774
6782
4012
6470
8304
6416
2444
9188
3494
4434
2580
1350
6386
8910
1898
1790
4994
2932
2584
214
6996
4908
1162
5398
6802
9364
574
9742
2182
716
2332
8614
8116
1390
4768
6060
4022
7614
4594
7470
9376
5082
272
8552
3850
8572
7996
664
9942
1878
3130
2204
5320
3576
1274
1270
1974
5356
8400
9016
4290
9036
6002
2596
4356
2240
6784
9024
5490
6264
380
3788
6002
3152
5658
6284
2430
2758
1070
1186
7886
5138
92
3932
8204
3508
1630
2882
9834
2566
7986
6370
7402
8550
2986
1686
7784
2522
5796
1826
4574
8852
7864
532
5612
1984
9720
1458
652
2998
3496
3362
8662
2182
3228
9408
6428
2542
9560
5732
1818
8634
6400
5728
8284
9758
4102
6486
4226
2246
4142
3666
414
5154
9818
3208
1256
6056
5692
9902
6254
5594
5882
1824
4892
5886
1640
4672
4472
6880
5462
5398
7390
236
394
7340
5276
2132
6734
5368
7446
1030
8214
3718
5398
7022
4690
8164
9080
3784
6712
4542
2374
9772
2250
5950
7570
4866
7236
1194
1436
2454
7940
336
9348
4498
5216
1592
8376
2174
5714
6516
3778
5662
1434
738
7638
8594
3800
6084
2780
7582
2256
9922
2852
7140
1472
8482
9694
8648
8110
9614
4730
3052
2236
8964
8004
6980
3662
5182
3904
4776
8330
752
9778
8002
1306
9784
328
7630
8268
7650
7492
6728
1230
8628
3284
8236
8034
1768
9644
9536
690
7908
2636
4228
6720
3726
9336
2028
5984
9866
9854
770
8610
7894
7224
1112
1720
906
1394
526
2062
7250
8032
2298
6108
6558
1572
8070
1100
6030
1628
5734
728
658
5534
4992
1476
1490
5640
8902
5862
2382
4128
1066
552
9960
1668
8470
578
6916
9340
1696
4116
7004
3390
718
9494
3710
1488
3192
6858
7134
3970
6928
1664
656
6524
6868
1524
848
1398
1506
640
8092
1266
4002
3344
7196
4870
8502
9260
1804
2114
9256
2756
9584
2420
1300
3410
3600
8200
1734
2268
9022
7594
1014
8392
1306
3576
2522
3940
2674
508
490
5392
5446
8060
4114
9764
2518
9626
866
9138
5052
4900
1654
8256
614
5348
5822
5426
3190
4228
6426
9032
776
6594
4362
5160
6102
8844
702
5212
3870
696
7674
5584
6546
4154
7290
5224
88
3588
5170
6052
9948
6604
5820
1152
5992
6626
5508
334
8096
7452
8234
1614
6940
4888
8688
8580
9096
2652
8508
5146
1440
9816
1320
7970
6526
666
4724
1278
1174
2362
9136
6212
6004
6088
2970
7766
4620
7958
3068
1546
8474
1432
8118
9102
6572
744
4208
8730
3548
8972
7946
6636
8530
322
2948
2782
5896
7004
6730
5946
7320
2080
9554
6920
3348
5828
1554
7780
1216
3472
122
7448
8024
9860
6614
4242
5736
2660
1100
2614
3092
9224
9718
4776
5016
3676
6440
4242
2450
6354
8220
6514
8174
9068
6912
9118
9258
9600
8062
6410
9842
5612
6932
8958
1626
3504
1912
3762
6380
108
1110
4586
4460
8888
4184
5732
780
5776
1698
1812
8610
7864
1950
8956
652
9194
3664
6926
7764
5320
8620
3630
5922
6582
2014
2692
2328
3434
4612
4560
5344
4774
9714
6590
9660
2942
1084
9502
5814
2814
1452
9662
5586
9126
3048
48
3312
6774
742
134
7062
7370
8716
6726
608
4310
7480
2396
7408
1590
4584
1928
1950
7962
7898
326
9412
7240
3882
9088
4054
8248
2934
7426
4908
3074
800
7184
9962
9638
2434
296
6596
9142
2810
3684
7300
6376
1040
6616
4598
8220
2202
8048
5586
5136
4704
8822
9456
6344
4458
7540
2046
9742
4856
6310
328
6082
7848
3374
3730
9110
2452
6568
8356
2964
612
2418
5034
3328
4234
5704
7874
7632
6390
424
424
2668
6526
5274
3406
7760
1752
4908
2924
2898
6720
1128
334
7798
2684
936
9616
4274
7808
1152
4616
5460
4248
416
1750
7702
6202
2446
1320
9556
2436
594
9774
1086
3878
4260
8304
1870
8924
8518
9752
3680
4670
6374
9074
3622
2506
3094
2616
5410
9532
5952
4040
2558
5128
7126
6536
9864
9570
2926
5506
9730
5320
8466
9950
1878
6306
5428
7670
3286
1706
6098
3536
3374
3938
5108
1064
2108
7310
8088
644
698
5626
8760
1022
5766
6184
5290
5322
9914
6616
7956
2600
8410
5504
5272
5470
6826
3952
8804
9590
5952
154
8986
1804
1964
7586
5092
798
580
2782
232
5896
7950
8994
2742
4586
6200
7138
6760
1228
512
2578
3368
7574
2424
7616
4254
9082
5746
1492
6130
6116
584
3680
1128
726
7728
7470
6270
7778
3362
208
1228
8162
1340
4280
8986
3814
1604
3238
9366
3448
9734
460
2800
4962
1112
1930
6348
3278
3402
244
4488
9356
9648
6084
1470
8930
4450
5026
9702
6552
8996
2386
4798
4982
8538
3074
396
8066
3904
4710
1008
8710
3458
2210
2188
4014
5116
366
1356
7204
7774
238
6788
8908
1682
1638
4980
4380
7216
6814
5406
3206
5696
1070
2246
9776
5210
6272
1180
8600
4056
7024
1178
3800
8966
3878
4806
8856
6736
9060
5686
4438
7398
5896
8400
1334
136
4920
5842
1314
7038
9972
6220
7160
9658
7618
8070
6612
6922
8408
7940
1448
5100
2990
9040
5200
9322
2680
3436
958
4636
5556
8162
8352
2008
8328
3650
5210
9738
2280
8890
480
8412
3966
910
142
5310
9568
8384
7508
6666
2986
370
9210
5148
3142
9436
5422
4454
4632
6910
7208
1702
1168
1778
3348
8362
5904
4210
9140
5158
9924
9048
1852
366
9464
4858
9132
2154
5794
5240
2256
6180
308
6702
62
1164
6922
652
4136
1426
8422
4592
6416
2814
7260
9152
7652
8712
5570
2090
4904
8546
776
2130
5028
7870
8966
2082
6240
4740
4516
3482
1564
8608
6090
8396
1202
706
2702
9954
9704
5056
9826
1590
348
5762
3606
6508
7154
370
4956
6756
7202
1190
2686
7578
1868
3076
5582
6862
498
5948
9096
2474
426
7722
7652
7104
1436
1610
870
2082
5792
2008
5916
4022
3888
6460
3844
3846
3568
72
2350
9344
7858
5090
7902
4434
4728
5642
9238
472
4858
2214
5602
2938
2646
252
6906
2966
5992
3202
3654
7472
6690
3816
7310
7788
2994
1676
7296
1302
734
2072
6790
7684
8546
6270
1858
928
2794
6688
7710
5162
8034
6872
6970
5254
4788
7260
7032
2330
5358
4882
1074
3348
2396
4698
9764
2306
8212
9056
4102
3066
6804
4998
1540
6518
3928
6976
580
8158
7714
2402
7332
114
7184
5310
3756
7524
3216
8514
386
9474
3082
9878
5718
7818
5174
6474
6096
292
2500
9570
8692
8120
3094
3636
2308
4820
3868
6694
740
6504
4084
9284
848
3884
3910
2268
578
838
8984
4194
4546
9402
6176
6902
1162
9212
7270
9532
2432
1712
8580
6710
7876
7450
8830
8314
1066
2800
7040
6416
3590
7656
3622
9328
7774
612
3674
4352
586
4902
4402
1352
5008
6430
9938
5080
6090
6146
5172
9276
4640
5352
646
6926
1660
4228
2796
7294
2234
1532
920
7078
9846
1630
8590
8194
5094
4674
7620
2924
5808
1328
8086
9110
618
2124
6548
7380
1610
9440
7212
8472
4486
6518
140
3358
6818
4428
8280
8220
5218
1492
1206
8478
2666
3518
6734
5868
3434
5160
4464
5766
2916
9100
3660
8198
3906
3460
2340
5710
9784
3470
3942
1818
2212
4040
7292
2820
2214
4800
9656
4468
2128
862
6556
4568
6802
954
2092
7928
6346
4576
472
404
9292
4236
3962
8434
2250
6040
4820
2840
9124
5770
1198
5840
8178
164
9436
5384
1740
2302
3912
9660
2348
5352
9704
9396
6830
7664
8342
752
4006
4380
4256
8822
2858
7144
4034
9384
2570
8992
862
2332
3854
2158
8430
84
8242
8368
5456
2710
4686
8758
9458
9080
5152
9690
3992
4596
6924
1752
8398
7912
1072
5842
3818
2080
604
2452
9590
8554
1534
7888
8446
1238
8984
2132
8720
6016
2914
4096
758
1614
2966
3740
954
8572
8238
744
2298
2594
8288
7002
920
382
6986
7062
9904
5834
4702
7228
7846
1064
908
1774
2110
2344
746
2070
8104
6494
3412
1442
6022
2200
1352
7852
5422
1536
8220
6000
6540
7016
2792
3450
1450
2946
6672
1948
5586
4646
1106
9272
536
1754
4608
2272
1036
7756
884
9274
9946
6864
1212
5654
1008
5486
8478
8342
6548
9940
1826
5532
8646
7528
6372
3022
7682
9636
4340
6120
1090
7810
8506
1038
5366
6442
730
598
3268
4196
1446
934
3422
4486
3146
2776
2036
9282
238
2940
9158
3422
2624
3768
9904
194
576
5490
6890
9220
6124
7388
7522
2112
666
5760
8666
7492
1472
3156
3622
1602
9762
5524
2390
8438
