300
43
2
32
15
11
14
1
1
1
37
24
7
16
11
35
5
5
46
37
4
45
21
5
5
46
46
5
42
12
18
20
44
6
14
46
25
18
32
44
1
1
1
49
23
2
3
30
46
33
22
5
27
1
23
23
27
31
30
48
12
50
30
39
47
32
32
20
13
49
24
12
21
18
48
27
25
1
1
1
45
38
44
19
43
26
3
8
27
40
40
14
35
10
37
41
7
21
35
42
9
32
35
29
36
21
27
32
35
7
17
28
9
32
1
1
1
48
41
45
18
49
39
9
19
8
14
26
21
48
6
14
1
1
1
7
18
25
23
28
4
43
39
1
4
36
42
49
42
28
8
18
35
44
17
7
21
27
20
16
43
38
11
35
42
38
42
32
12
34
2
39
43
1
6
4
28
17
40
1
18
48
1
31
23
36
47
23
32
1
1
1
50
36
36
7
5
37
2
42
28
26
13
37
45
10
31
34
33
38
16
5
19
5
45
45
1
1
40
10
12
37
17
29
1
1
1
16
30
50
29
1
29
35
47
26
15
7
19
16
12
17
10
25
37
14
3
10
37
28
31
43
1
1
1
37
12
35
13
9
5
6
43
49
20
15
14
47
44
1
1
1
27
15
46
24
26
27
2
37
43
11
1
43
1
1
41
29
6
42
34
17
18
45
37
40
17
47
9
6
44
