5014 255278 22
82 16
171 14
232 35
240 38
309 9
364 20
418 10
430 38
480 24
564 23
603 7
682 7
772 16
782 27
786 18
789 7
792 37
845 25
865 36
908 5
958 15
990 27
1031 1
1075 18
1161 36
1192 37
1195 28
1215 13
1249 2
1289 31
1381 15
1416 15
1506 13
1524 16
1615 26
1634 29
1711 15
1792 31
1805 11
1822 36
1898 40
1951 8
1967 24
2047 37
2071 31
2072 5
2136 8
2159 13
2191 7
2241 3
2303 10
2305 38
2394 29
2445 19
2478 0
2483 15
2522 32
2554 19
2558 21
2561 5
2566 31
2598 7
2605 13
2689 7
2751 20
2842 8
2874 22
2922 13
2967 21
3060 37
3092 7
3099 18
3108 13
3121 23
3200 32
3269 9
3361 14
3368 28
3414 11
3421 37
3516 35
3599 31
3626 2
3688 20
3769 15
3779 13
3864 10
3917 7
3920 15
3931 0
4015 34
4024 21
4062 27
4096 23
4098 1
4104 37
4170 26
4241 6
4325 6
4424 26
4466 28
4521 31
4558 35
4596 20
4652 24
4688 29
4715 23
4758 7
4839 34
4905 9
4966 11
5033 5
5098 9
5175 36
5260 2
5292 1
5349 28
5415 4
5500 13
5569 0
5594 4
5639 30
5734 7
5796 21
5819 25
5858 7
5863 16
5902 22
5943 6
5962 5
6044 11
6070 14
6110 34
6194 38
6220 35
6221 39
6287 2
6310 12
6344 39
6351 34
6401 7
6425 16
6467 14
6470 32
6533 30
6606 32
6694 20
6750 26
6800 7
6900 13
7000 14
7007 31
7075 8
7148 24
7207 6
7247 2
7262 2
7329 26
7414 34
7507 21
7593 23
7688 33
7718 15
7766 14
7767 5
7786 9
7796 32
7844 32
7943 29
8031 22
8080 30
8134 6
8213 14
8310 31
8317 8
8336 19
8382 24
8482 25
8493 1
8528 18
8557 36
8603 12
8663 36
8687 32
8729 6
8753 39
8792 0
8872 3
8972 12
8975 29
8980 14
9016 9
9032 27
9086 20
9141 9
9175 30
9251 3
9298 37
9383 17
9478 7
9500 19
9509 12
9567 33
9608 21
9620 40
9705 36
9751 8
9766 34
9813 31
9908 39
9917 16
9977 2
10048 39
10142 12
10185 4
10285 24
10373 5
10442 16
10535 11
10635 30
10729 31
10788 4
10861 14
10922 9
10938 10
10964 10
11036 24
11072 19
11083 28
11135 25
11215 21
11226 34
11234 22
11307 33
11380 11
11473 4
11559 10
11604 35
11616 14
11668 11
11728 39
11801 17
11859 11
11896 15
11902 11
11920 27
11958 10
11990 26
12042 21
12112 19
12141 24
12176 9
12199 21
12206 5
12253 38
12292 9
12386 24
12392 18
12490 24
12564 6
12616 32
12626 35
12703 39
12726 0
12780 34
12873 2
12875 24
12971 14
13028 31
13110 1
13170 7
13218 23
13281 39
13296 30
13395 14
13445 26
13507 21
13557 19
13589 5
13657 16
13672 2
13691 26
13764 38
13859 36
13900 7
13909 39
13986 35
14051 0
14135 28
14184 6
14279 1
14376 18
14454 5
14554 32
14577 23
14645 16
14715 14
14738 11
14785 39
14831 18
14930 28
14943 14
15013 38
15081 21
15162 29
15219 28
15238 24
15315 10
15363 39
15444 12
15493 23
15585 21
15618 8
15697 12
15797 28
15887 9
15957 30
15972 31
16035 12
16046 19
16142 32
16161 32
16164 36
16173 30
16255 28
16346 32
16360 3
16418 14
16454 31
16469 11
16529 23
16580 30
16676 10
16744 39
16822 28
16834 20
16847 14
16919 37
16948 24
17034 36
17085 27
17140 0
17147 15
17221 29
17262 16
17301 13
17358 38
17392 10
17471 20
17509 7
17589 18
17594 34
17657 40
17732 34
17826 26
17905 5
17988 35
18011 15
18106 0
18183 2
18215 4
18236 17
18306 24
18333 33
18418 30
18491 19
18519 16
18567 8
18625 4
18722 34
18791 21
18854 4
18917 3
19002 29
19035 6
19111 6
19154 19
19254 14
19320 38
19338 4
19414 24
19459 32
19481 33
19578 14
19665 21
19715 30
19776 24
19804 22
19838 8
19884 23
19933 36
20000 39
20022 9
20038 30
20076 40
20111 24
20190 13
20195 37
20226 30
20242 13
20253 15
20263 15
20318 17
20370 31
20470 37
20543 8
20609 39
20613 23
20628 37
20695 15
20782 10
20835 10
20886 9
20950 12
20958 4
21033 33
21077 31
21132 25
21214 4
21311 39
21368 25
21393 5
21468 19
21501 2
21596 32
21646 19
21733 32
21757 12
21853 11
21950 6
21969 31
22038 20
22118 17
22121 26
22162 17
22207 9
22302 10
22358 33
22441 34
22474 20
22534 31
22603 18
22624 17
22671 3
22713 38
22742 25
22813 27
22832 4
22928 15
22934 24
22979 25
22985 36
23072 2
23145 11
23184 5
23257 14
23315 19
23373 13
23429 36
23451 34
23543 4
23619 11
23657 15
23693 7
23695 16
23775 21
23795 4
23864 10
23927 5
24019 34
24093 24
24148 12
24187 12
24230 33
24324 13
24326 18
24332 3
24393 4
24474 7
24551 23
24608 20
24686 6
24740 7
24826 26
24904 17
24997 34
25039 20
25132 17
25225 17
25249 1
25277 24
25348 34
25431 18
25491 17
25505 29
25531 40
25580 28
25636 39
25707 33
25790 4
25866 34
25900 3
26000 10
26014 22
26041 17
26092 24
26168 32
26171 32
26204 19
26258 5
26283 33
26303 19
26310 25
26397 3
26398 6
26422 28
26439 24
26508 12
26513 12
26566 23
26632 37
26692 2
26785 18
26878 40
26894 0
26900 35
26965 21
26975 16
27009 14
27091 16
27128 35
27151 28
27222 29
27297 30
27391 29
27429 9
27497 7
27592 6
27654 1
27700 11
27727 13
27766 15
27799 10
27837 28
27923 6
27992 23
28083 22
28105 14
28125 35
28151 0
28233 37
28274 28
28363 4
28366 4
28372 26
28411 30
28480 7
28565 25
28622 33
28722 15
28753 37
28792 31
28796 0
28849 24
28946 6
29004 4
29099 28
29120 19
29179 6
29267 4
29332 30
29335 5
29369 9
29467 7
29480 28
29571 8
29614 14
29689 18
29753 36
29754 18
29755 16
29771 14
29863 24
29870 27
29893 28
29920 23
30007 3
30033 6
30075 7
30133 11
30200 13
30211 30
30308 18
30345 34
30419 35
30424 18
30507 22
30525 28
30616 11
30678 19
30712 25
30807 8
30832 18
30882 36
30903 25
30943 7
30944 15
30980 2
31035 30
31057 21
31089 29
31149 23
31219 15
31257 16
31267 3
31366 2
31429 39
31436 30
31444 34
31490 35
31572 19
31575 34
31607 3
31648 4
31676 4
31702 26
31764 28
31826 13
31864 34
31955 18
31977 1
32047 27
32115 18
32147 17
32179 30
32255 37
32346 11
32361 39
32384 28
32451 25
32466 5
32546 8
32561 31
32622 29
32628 24
32644 4
32726 12
32742 22
32774 11
32862 32
32895 19
32995 7
33001 36
33099 31
33182 23
33242 21
33320 14
33380 37
33454 34
33513 10
33585 40
33635 6
33735 8
33775 26
33815 24
33913 20
33928 8
33960 23
33979 4
33981 23
34020 36
34086 32
34093 8
34133 22
34158 14
34217 21
34225 16
34261 11
34349 8
34402 3
34432 10
34451 4
34551 24
34555 5
34611 34
34651 35
34658 1
34677 7
34715 10
34754 37
34780 17
34847 7
34919 36
34985 16
35062 9
35069 38
35124 4
35203 2
35205 24
35253 6
35310 2
35346 16
35436 9
35453 12
35494 8
35576 38
35672 1
35718 28
35778 22
35865 10
35894 1
35942 27
35946 27
36029 24
36034 18
36051 8
36134 4
36165 33
36255 15
36260 33
36308 28
36376 13
36432 27
36480 35
36496 10
36594 26
36622 39
36650 17
36665 12
36687 34
36693 30
36767 1
36800 28
36806 29
36840 35
36855 10
36880 23
36942 30
36998 2
37073 34
37162 26
37240 1
37312 31
37396 18
37446 20
37464 4
37553 39
37608 34
37615 22
37686 35
37723 16
37755 6
37804 6
37875 31
37924 4
37987 1
38057 36
38060 12
38134 20
38139 5
38203 25
38263 27
38347 26
38417 28
38516 37
38549 9
38612 39
38669 19
38682 26
38715 36
38813 31
38907 7
38967 26
39020 33
39115 19
39117 4
39143 33
39173 3
39216 12
39301 32
39371 29
39432 4
39469 1
39557 20
39592 31
39644 14
39690 3
39724 36
39807 10
39847 25
39946 33
40041 1
40045 30
40092 11
40168 27
40248 13
40340 16
40379 16
40441 39
40465 24
40495 38
40574 16
40597 14
40697 17
40719 24
40759 28
40786 27
40879 26
40963 15
40977 34
41011 8
41061 27
41088 17
41173 29
41227 23
41287 3
41387 35
41420 23
41488 17
41545 7
41571 38
41599 4
41644 28
41669 5
41703 40
41765 25
41787 0
41818 24
41852 32
41893 33
41938 36
42018 33
42080 13
42164 6
42244 0
42311 35
42349 37
42377 39
42437 14
42441 18
42471 15
42530 6
42536 34
42565 5
42649 7
42693 15
42707 36
42803 18
42893 31
42905 36
42993 2
43044 32
43104 24
43183 34
43230 5
43256 21
43304 19
43380 2
43408 6
43475 38
43551 6
43637 7
43665 14
43754 12
43768 31
43791 28
43887 39
43919 21
43920 38
43926 27
43995 31
44034 35
44134 14
44212 0
44235 40
44312 30
44329 37
44374 26
44436 25
44463 37
44530 2
44560 36
44609 19
44688 30
44710 31
44805 15
44872 38
44912 23
44938 23
45033 2
45130 18
45153 37
45185 18
45214 8
45217 14
45249 9
45318 40
45383 13
45464 37
45473 36
45487 10
45558 32
45575 2
45632 1
45651 20
45687 35
45726 14
45824 1
45837 14
45843 12
45875 32
45899 26
45925 9
46021 11
46052 12
46138 15
46219 8
46309 15
46378 13
46443 9
46483 3
46520 5
46557 6
46601 36
46633 14
46668 32
46744 23
46768 12
46855 0
46907 37
46959 34
46983 39
47000 24
47066 8
47156 32
47256 30
47264 29
47351 38
47447 33
47492 29
47515 11
47553 15
47598 38
47604 38
47673 29
47744 35
47754 36
47784 25
47875 19
47877 13
47970 8
47976 37
47978 9
48060 37
48140 10
48164 36
48237 2
48267 14
48325 20
48332 11
48386 16
48395 14
48455 12
48471 4
48531 12
48588 29
48599 8
48651 35
48657 9
48692 10
48741 5
48750 1
48822 12
48843 23
48856 23
48944 3
48999 25
49025 37
49065 12
49113 37
49133 28
49141 29
49222 14
49280 5
49332 6
49419 11
49457 4
49488 3
49517 22
49610 2
49665 24
49742 4
49757 14
49845 18
49857 30
49946 31
50015 3
50042 39
50053 36
50081 32
50122 24
50133 38
50203 22
50235 34
50326 25
50330 0
50359 33
50449 4
50513 21
50572 20
50609 17
50641 25
50729 25
50774 18
50802 32
50826 13
50848 35
50929 10
50984 14
50986 35
51079 8
51171 26
51174 2
51196 29
51265 12
51357 9
51395 9
51406 23
51460 19
51536 3
51572 30
51593 7
51647 17
51675 13
51755 23
51772 26
51826 29
51858 15
51934 28
51969 13
52056 12
52121 15
52147 19
52178 10
52226 35
52271 8
52326 26
52363 28
52460 35
52479 17
52540 20
52618 36
52624 6
52682 28
52728 9
52812 36
52882 0
52967 35
52996 13
53067 24
53088 24
53175 16
53213 15
53215 14
53274 2
53331 30
53425 34
53454 8
53527 18
53603 8
53663 36
53709 4
53808 40
53881 2
53961 27
54023 7
54083 25
54127 38
54162 16
54173 8
54256 17
54306 38
54371 30
54464 8
54557 8
54572 29
54624 23
54691 4
54780 22
54812 35
54880 19
54883 20
54919 1
54942 15
54966 11
55058 33
55097 10
55102 36
55120 33
55180 1
55227 31
55314 12
55408 11
55451 1
55468 28
55561 13
55626 34
55680 20
55761 37
55848 19
55902 14
55986 9
55999 7
56081 21
56132 26
56189 32
56270 3
56288 2
56343 20
56382 3
56463 11
56528 36
56534 36
56541 21
56613 20
56713 7
56789 16
56864 18
56895 17
56933 14
56974 24
57008 39
57063 36
57088 25
57145 40
57163 35
57185 25
57247 26
57317 2
57389 12
57410 25
57438 7
57517 26
57571 18
57658 0
57692 12
57728 2
57767 19
57778 2
57871 32
57909 10
58002 11
58097 15
58120 6
58192 8
58226 32
58296 11
58386 4
58412 4
58430 25
58438 37
58464 9
58553 15
58638 0
58665 21
58764 38
58858 33
58919 7
58964 15
58982 10
58997 7
59016 3
59042 10
59091 21
59147 28
59213 26
59234 17
59252 26
59332 24
59351 16
59442 29
59449 10
59459 24
59505 39
59579 4
59658 28
59692 11
59773 24
59868 2
59956 8
59958 9
59988 3
60032 34
60052 25
60150 39
60250 26
60328 26
60387 39
60456 40
60524 34
60609 15
60620 35
60693 28
60698 8
60705 25
60789 6
60801 22
60818 23
60902 10
60984 27
61073 36
61080 18
61087 30
61101 12
61118 0
61141 32
61213 3
61310 17
61374 31
61385 34
61464 7
61482 12
61490 14
61576 13
61668 12
61709 12
61798 15
61808 9
61849 22
61906 1
61989 23
62023 11
62059 15
62113 7
62165 31
62242 14
62251 24
62345 37
62406 20
62426 1
62462 2
62497 11
62583 38
62590 26
62666 4
62724 10
62811 38
62821 18
62884 29
62949 36
62996 17
63077 9
63154 9
63169 28
63213 9
63220 4
63277 8
63360 35
63362 11
63374 29
63390 36
63424 1
63477 39
63544 15
63642 25
63735 9
63762 40
63795 16
63834 13
63925 21
64012 26
64046 6
64116 8
64177 28
64216 26
64280 15
64350 21
64443 33
64498 31
64516 12
64574 2
64647 23
64727 30
64807 9
64845 30
64919 4
64938 13
65034 4
65134 17
65223 19
65272 2
65334 8
65394 17
65462 14
65534 6
65569 9
65608 7
65706 10
65755 25
65841 21
65935 39
65941 9
65988 16
66085 13
66114 23
66164 39
66218 9
66283 14
66289 36
66344 38
66416 30
66480 12
66556 17
66596 12
66664 19
66746 13
66846 31
66852 34
66913 1
66920 8
66948 1
66979 10
67008 2
67082 37
67103 8
67113 23
67204 22
67225 26
67287 32
67366 25
67412 4
67464 19
67505 17
67578 32
67664 14
67669 15
67696 35
67713 6
67777 27
67853 30
67872 8
67949 29
67998 5
68026 37
68115 32
68123 15
68147 28
68234 20
68323 8
68374 39
68458 11
68490 26
68494 13
68542 25
68589 6
68680 25
68712 19
68724 7
68777 24
68794 32
68868 0
68964 8
69030 13
69104 22
69190 21
69220 3
69315 8
69380 38
69395 33
69464 40
69542 18
69624 16
69697 10
69773 1
69824 23
69920 16
69960 13
70043 18
70125 31
70132 16
70157 17
70206 17
70241 14
70335 12
70405 19
70419 12
70464 14
70563 35
70638 2
70728 24
70787 14
70874 17
70888 6
70897 34
70966 26
70982 22
71017 5
71020 15
71072 3
71156 26
71218 14
71280 27
71335 29
71397 35
71407 11
71437 37
71484 15
71541 30
71586 24
71659 6
71755 23
71795 17
71828 18
71854 33
71898 2
71949 36
72045 27
72093 5
72094 40
72154 6
72183 1
72194 6
72249 33
72337 25
72395 14
72418 26
72509 12
72535 34
72551 10
72626 30
72631 23
72664 14
72741 22
72765 25
72769 33
72849 36
72895 28
72945 26
73002 36
73023 29
73093 34
73145 38
73209 25
73236 36
73259 4
73330 15
73403 25
73454 39
73539 28
73623 24
73694 25
73754 5
73793 35
73825 22
73857 10
73957 5
73975 15
73996 39
74049 23
74099 20
74127 19
74153 16
74193 38
74211 16
74252 28
74268 22
74332 36
74428 5
74446 7
74498 34
74527 30
74611 6
74687 28
74692 6
74750 8
74814 7
74879 28
74964 27
74966 17
74976 13
74989 36
75057 33
75130 40
75155 37
75198 29
75205 29
75270 24
75294 18
75378 31
75436 39
75534 4
75581 37
75634 36
75727 3
75803 17
75826 30
75915 15
76015 6
76052 21
76148 33
76170 11
76183 5
76222 9
76280 40
76377 2
76445 32
76534 28
76556 2
76559 32
76612 30
76707 34
76763 15
76849 33
76899 23
76916 8
76945 12
76970 11
77057 32
77073 1
77091 28
77178 7
77226 2
77320 9
77390 26
77486 24
77544 27
77558 1
77633 31
77723 22
77763 5
77817 20
77916 21
77975 4
78072 26
78148 17
78237 19
78293 36
78297 11
78373 21
78428 7
78478 7
78545 1
78567 16
78649 31
78670 28
78723 10
78739 35
78839 20
78919 8
78932 26
78955 2
78969 20
79007 32
79103 26
79170 13
79242 23
79243 7
79251 33
79256 13
79329 4
79352 7
79438 0
79506 20
79580 5
79678 7
79745 26
79795 38
79819 4
79855 10
79883 10
79962 20
80007 5
80061 13
80157 23
80186 1
80189 20
80254 27
80336 0
80355 9
80433 6
80484 2
80541 22
80557 4
80607 25
80652 6
80695 18
80702 29
80785 29
80852 24
80950 0
80953 36
81037 20
81114 33
81130 36
81152 28
81187 31
81252 23
81256 28
81329 6
81381 33
81447 38
81499 26
81574 34
81658 2
81707 26
81746 31
81839 40
81893 16
81927 38
81981 9
81986 26
82009 30
82012 33
82018 32
82046 22
82110 26
82112 24
82147 0
82160 38
82199 33
82237 27
82241 19
82257 26
82313 28
82351 31
82416 21
82490 36
82580 28
82660 33
82664 26
82727 4
82810 21
82879 32
82907 8
82945 34
83038 12
83041 36
83046 5
83116 11
83207 2
83260 26
83298 31
83317 5
83404 19
83446 40
83497 13
83592 2
83633 15
83700 30
83728 35
83799 39
83881 36
83891 30
83939 13
83989 9
84080 6
84135 14
84235 25
84314 39
84377 2
84404 37
84482 22
84509 6
84520 2
84529 32
84605 22
84606 4
84700 27
84769 16
84840 16
84916 21
84989 39
85009 10
85071 19
85079 11
85151 13
85204 18
85225 14
85248 3
85347 35
85441 18
85538 9
85613 21
85667 34
85698 14
85710 18
85726 34
85767 34
85802 6
85890 7
85924 17
85938 13
86034 23
86064 12
86149 27
86196 26
86219 24
86307 9
86351 21
86392 10
86478 7
86489 1
86585 8
86655 11
86702 35
86786 32
86810 35
86816 6
86829 21
86925 32
86997 24
87051 23
87088 12
87166 34
87189 8
87223 30
87273 29
87356 27
87384 19
87480 13
87569 34
87627 23
87688 18
87783 24
87856 16
87882 15
87946 37
87948 13
88036 28
88039 16
88086 8
88117 23
88172 32
88188 1
88213 35
88302 7
88311 28
88332 18
88387 10
88443 26
88463 28
88532 6
88565 7
88576 28
88595 24
88637 16
88657 39
88680 1
88681 34
88718 27
88734 6
88827 23
88891 31
88975 25
89059 26
89094 17
89135 23
89202 4
89265 24
89295 38
89369 32
89461 8
89465 16
89528 39
89589 39
89645 26
89735 35
89741 39
89820 19
89911 1
89972 10
89998 13
90045 31
90050 36
90122 19
90170 19
90226 20
90326 0
90348 0
90392 15
90491 22
90585 34
90630 5
90669 25
90725 7
90808 30
90845 2
90882 34
90884 31
90909 36
90941 33
90975 19
90997 8
91032 8
91124 34
91211 5
91229 2
91314 1
91335 9
91357 29
91391 36
91408 1
91499 25
91561 21
91640 10
91702 21
91736 30
91802 15
91893 18
91980 31
92045 40
92078 4
92081 0
92089 36
92113 2
92185 21
92215 23
92238 8
92320 10
92370 36
92378 17
92417 18
92475 20
92494 10
92534 25
92595 38
92645 21
92648 37
92712 8
92745 36
92845 37
92878 39
92960 33
93049 27
93144 36
93197 2
93232 9
93272 34
93295 35
93326 14
93375 13
93466 14
93472 22
93544 28
93613 26
93676 23
93713 30
93744 35
93787 25
93887 6
93981 5
94042 27
94094 10
94162 25
94192 19
94247 2
94269 6
94365 27
94367 20
94435 9
94509 30
94562 17
94609 36
94696 27
94703 22
94768 17
94814 19
94897 7
94908 19
95006 38
95027 33
95090 23
95102 29
95113 37
95187 2
95221 18
95291 28
95391 7
95442 10
95486 23
95570 13
95600 16
95683 1
95740 12
95786 32
95876 37
95894 31
95975 21
96021 6
96074 19
96077 33
96083 27
96179 11
96236 18
96258 4
96296 19
96390 25
96401 13
96432 26
96506 16
96573 35
96597 13
96691 32
96784 10
96801 36
96825 15
96889 8
96950 10
96996 15
97040 5
97134 20
97187 23
97192 24
97200 10
97233 17
97245 15
97285 35
97291 20
97299 8
97387 3
97436 27
97505 29
97599 25
97620 10
97659 0
97746 31
97791 9
97847 29
97866 28
97952 35
97959 35
98027 9
98089 15
98182 16
98250 5
98272 14
98324 9
98398 19
98408 40
98479 1
98562 34
98615 9
98645 7
98724 22
98811 3
98837 8
98842 5
98915 25
98983 23
98997 0
99059 19
99121 37
99146 32
99178 33
99199 6
99225 28
99264 10
99276 10
99337 18
99428 12
99470 21
99490 26
99575 9
99607 9
99670 5
99738 40
99761 11
99829 29
99846 3
99899 34
99983 13
100039 31
100099 34
100112 3
100190 10
100253 9
100324 27
100375 4
100385 22
100401 28
100484 39
100574 33
100611 39
100645 1
100694 3
100780 7
100790 9
100826 15
100879 5
100923 4
100962 18
101062 7
101130 24
101202 20
101235 25
101279 29
101348 33
101386 30
101467 35
101497 1
101502 12
101511 2
101520 21
101530 17
101619 6
101648 6
101686 17
101739 28
101815 6
101913 23
101997 34
102003 29
102082 10
102169 8
102241 5
102260 9
102297 24
102325 40
102365 21
102423 32
102520 18
102572 32
102595 34
102600 38
102673 29
102755 33
102827 16
102897 21
102990 20
103058 11
103143 2
103225 28
103268 2
103330 18
103353 35
103388 4
103444 23
103542 12
103636 10
103664 33
103701 22
103783 21
103820 8
103920 33
103997 28
104041 21
104084 4
104153 7
104189 26
104271 31
104331 13
104407 8
104475 21
104528 9
104564 21
104634 0
104682 33
104699 20
104727 37
104765 33
104860 13
104944 3
104971 31
104999 29
105001 2
105082 24
105122 16
105126 11
105164 14
105214 31
105231 12
105265 12
105269 35
105276 6
105323 30
105390 32
105421 6
105484 17
105565 39
105567 25
105616 37
105643 37
105735 3
105780 3
105815 2
105856 26
105901 38
105989 17
106055 21
106155 7
106161 3
106237 18
106284 32
106366 7
106415 16
106477 17
106494 26
106589 20
106630 37
106670 15
106730 10
106772 37
106870 27
106880 6
106944 30
106956 26
106984 5
107031 16
107041 24
107105 5
107171 28
107211 18
107222 13
107319 26
107345 14
107433 38
107447 37
107463 4
107559 9
107613 7
107678 15
107751 12
107758 6
107855 26
107878 38
107918 23
107939 6
108035 36
108130 38
108203 7
108237 36
108311 10
108334 19
108359 2
108405 20
108493 36
108560 25
108599 30
108661 31
108690 38
108754 34
108792 13
108876 24
108963 26
109011 31
109100 5
109124 3
109154 22
109231 22
109239 10
109279 37
109376 6
109450 39
109492 7
109573 18
109606 16
109691 30
109725 20
109739 14
109781 36
109796 23
109882 4
109920 5
109925 18
110002 32
110102 27
110160 26
110203 10
110297 29
110365 6
110422 40
110444 22
110542 37
110601 10
110669 12
110711 35
110810 26
110820 22
110862 27
110921 4
111006 11
111082 36
111167 31
111247 30
111286 15
111381 10
111424 25
111465 25
111560 4
111614 5
111646 11
111652 10
111662 7
111762 21
111856 20
111916 7
111941 18
111967 40
111972 9
112036 4
112038 26
112078 18
112139 5
112177 34
112273 15
112308 21
112359 29
112369 12
112411 6
112461 28
112484 18
112579 35
112628 31
112686 23
112727 29
112789 6
112814 26
112830 7
112923 33
112933 10
112965 16
112979 1
113034 38
113045 17
113057 7
113111 30
113210 5
113235 38
113282 30
113346 16
113353 27
113433 39
113495 0
113537 39
113613 14
113672 26
113746 23
113756 6
113816 1
113847 13
113885 11
113889 9
113908 32
113943 7
113972 30
114031 17
114091 34
114133 39
114213 5
114257 4
114321 13
114371 27
114426 26
114482 4
114553 3
114653 35
114671 38
114701 15
114795 7
114809 25
114823 18
114860 36
114953 27
115013 29
115061 5
115078 7
115095 13
115159 40
115255 6
115272 7
115288 2
115345 30
115386 35
115391 32
115397 29
115494 23
115505 36
115603 28
115642 11
115698 26
115791 20
115804 32
115828 29
115856 14
115914 15
115971 32
115984 2
116002 14
116079 26
116144 34
116235 18
116239 19
116297 37
116299 39
116352 8
116437 10
116493 29
116585 37
116589 37
116656 35
116691 18
116716 14
116766 32
116833 35
116926 38
116984 20
117043 30
117081 9
117161 33
117211 29
117302 17
117344 38
117356 39
117447 4
117513 4
117521 29
117620 27
117700 3
117745 10
117796 26
117829 29
117904 4
117914 27
117940 30
118027 18
118077 0
118104 36
118163 4
118176 36
118263 13
118356 31
118392 10
118477 35
118539 34
118580 27
118660 23
118695 2
118741 28
118746 34
118747 32
118749 35
118769 2
118856 14
118941 18
119011 13
119042 6
119073 25
119118 19
119162 3
119168 26
119223 31
119302 35
119314 31
119317 36
119328 5
119409 35
119433 27
119526 32
119539 28
119548 38
119643 1
119721 28
119805 32
119848 18
119906 26
119932 16
119979 36
119998 39
120044 4
120124 26
120205 10
120274 34
120335 9
120359 25
120448 14
120543 39
120595 8
120666 30
120692 26
120777 29
120790 9
120863 31
120958 18
120999 36
121046 24
121087 33
121109 23
121151 22
121234 36
121282 29
121371 33
121432 39
121491 26
121500 29
121574 36
121634 22
121672 37
121724 23
121823 8
121915 33
121994 38
122019 26
122061 37
122100 32
122193 16
122279 5
122282 18
122319 33
122320 23
122384 22
122457 17
122506 29
122571 35
122622 35
122675 5
122769 36
122811 17
122909 1
122912 6
122937 34
122944 4
122969 31
123042 7
123088 29
123103 19
123118 9
123138 30
123220 36
123264 37
123350 25
123358 2
123445 21
123510 23
123521 26
123541 34
123618 32
123701 13
123795 22
123886 26
123964 18
124015 29
124091 29
124103 22
124113 39
124207 5
124302 29
124367 12
124428 5
124435 9
124449 29
124517 13
124564 26
124642 35
124714 36
124717 24
124734 18
124748 11
124755 20
124846 38
124943 28
124946 13
124995 31
125087 12
125149 4
125249 2
125345 3
125417 35
125484 11
125551 25
125575 33
125576 31
125588 10
125628 3
125683 4
125708 20
125788 23
125827 12
125905 6
125931 18
125964 22
126032 19
126075 12
126107 20
126123 2
126146 6
126210 36
126299 10
126311 7
126391 24
126415 37
126479 1
126491 27
126575 30
126618 5
126648 21
126735 28
126749 5
126792 22
126826 1
126899 28
126984 26
127083 30
127097 5
127146 8
127169 22
127257 40
127290 38
127355 26
127453 31
127486 14
127503 31
127539 31
127557 2
127627 31
127657 33
127706 29
127735 3
127832 29
127849 26
127850 18
127919 11
127986 19
128085 1
128149 34
128179 36
128230 19
128305 16
128395 3
128465 7
128525 31
128600 29
128650 29
128653 10
128749 33
128808 34
128862 37
128946 2
129020 37
129066 27
129088 20
129095 35
129160 30
129218 33
129241 27
129330 27
129363 20
129447 9
129509 5
129581 11
129584 5
129665 35
129688 37
129707 17
129783 11
129788 12
129792 30
129887 24
129922 21
129930 29
129959 38
130049 23
130114 19
130172 5
130243 1
130294 6
130348 6
130378 1
130453 21
130531 17
130595 38
130599 38
130659 6
130672 1
130683 26
130691 17
130726 35
130764 32
130816 21
130859 2
130866 22
130903 6
130977 22
131055 19
131074 34
131099 32
131198 27
131257 21
131325 24
131404 31
131411 20
131479 2
131530 19
131597 36
131693 24
131781 37
131843 23
131907 22
131952 26
132025 5
132040 28
132129 14
132142 29
132190 12
132216 4
132273 1
132370 12
132440 26
132444 11
132457 38
132477 13
132540 6
132558 8
132628 5
132648 9
132649 25
132698 28
132751 25
132800 31
132871 6
132967 3
133016 29
133069 29
133075 28
133167 23
133228 10
133295 15
133296 36
133392 5
133469 0
133518 20
133617 32
133673 29
133752 23
133840 38
133847 29
133898 30
133973 2
134063 27
134084 37
134103 15
134146 16
134158 26
134162 31
134187 25
134264 16
134347 35
134358 28
134437 10
134504 7
134538 39
134589 5
134652 16
134714 1
134776 14
134792 30
134874 31
134939 5
135028 29
135039 9
135070 37
135087 15
135152 14
135211 26
135249 1
135254 21
135316 15
135354 3
135424 37
135434 19
135515 39
135562 4
135587 7
135625 18
135703 23
135746 37
135795 35
135841 20
135856 25
135916 38
135968 40
136007 19
136105 39
136165 39
136205 34
136232 1
136279 22
136355 12
136367 23
136416 30
136429 13
136478 27
136525 32
136579 20
136603 11
136640 13
136681 35
136736 9
136825 2
136828 9
136833 29
136879 11
136928 18
136945 38
136983 6
137083 25
137176 5
137241 16
137330 2
137361 33
137422 34
137456 31
137538 13
137541 2
137576 29
137651 16
137689 32
137721 6
137740 22
137820 30
137839 29
137925 15
137942 35
137963 15
138021 1
138117 1
138194 17
138213 29
138269 24
138293 1
138391 7
138411 9
138482 38
138540 19
138611 18
138688 17
138722 18
138737 31
138743 31
138764 24
138772 6
138783 29
138790 37
138812 21
138841 26
138853 36
138932 27
138950 31
139003 23
139085 35
139140 12
139192 20
139218 7
139284 11
139292 33
139389 5
139473 5
139570 10
139642 34
139712 13
139799 27
139813 26
139821 14
139843 27
139866 8
139879 17
139967 34
139998 22
140070 13
140091 31
140096 7
140173 3
140260 17
140359 2
140383 31
140399 13
140477 13
140505 9
140545 14
140623 10
140720 36
140741 24
140763 25
140827 27
140839 10
140906 25
140924 6
140961 3
141047 8
141116 30
141175 9
141273 2
141279 6
141301 6
141347 2
141442 15
141536 28
141563 2
141657 19
141756 3
141849 16
141894 18
141911 8
141984 12
142062 15
142118 17
142166 6
142262 20
142334 39
142428 6
142508 22
142518 15
142559 17
142576 36
142601 16
142616 20
142690 24
142741 21
142788 17
142875 29
142888 31
142985 31
142989 21
143067 3
143095 17
143110 23
143168 11
143264 15
143364 19
143389 19
143456 13
143458 31
143477 34
143517 18
143590 19
143688 31
143772 10
143820 4
143902 4
143924 16
143994 34
144033 15
144038 15
144060 1
144137 8
144181 2
144184 3
144264 28
144315 10
144369 12
144383 9
144476 27
144505 19
144540 5
144578 1
144608 23
144630 7
144646 33
144671 11
144694 22
144734 11
144790 34
144868 29
144906 14
144995 11
145058 11
145114 20
145176 10
145262 20
145326 13
145408 21
145466 1
145505 35
145572 19
145602 27
145640 20
145656 37
145711 29
145721 34
145811 21
145885 19
145908 29
145997 9
146047 13
146053 33
146072 32
146119 8
146131 18
146159 22
146256 17
146318 14
146341 20
146350 30
146357 30
146437 38
146461 8
146543 35
146580 14
146668 26
146731 38
146740 11
146797 9
146842 16
146905 17
146957 23
147027 27
147057 21
147131 27
147165 39
147177 16
147251 2
147287 31
147345 0
147415 31
147434 20
147451 32
147483 2
147507 18
147544 24
147593 28
147662 15
147693 16
147745 29
147756 19
147810 0
147860 14
147861 2
147939 14
147994 17
148044 5
148074 7
148149 27
148203 26
148252 37
148294 17
148368 7
148457 25
148547 29
148579 37
148639 24
148651 0
148738 35
148808 9
148843 32
148930 10
149017 11
149050 10
149141 16
149233 25
149249 22
149343 30
149406 32
149421 17
149424 37
149509 7
149526 5
149601 33
149689 40
149734 9
149794 39
149835 33
149870 21
149960 12
150009 31
150035 15
150103 31
150176 34
150274 11
150302 17
150321 21
150355 30
150389 37
150473 10
150503 12
150593 25
150685 15
150735 5
150768 17
150865 38
150953 15
151004 10
151087 19
151095 23
151115 20
151173 27
151232 14
151303 11
151395 30
151396 2
151408 13
151484 29
151542 32
151598 10
151684 13
151756 32
151792 25
151868 27
151873 28
151901 4
151934 12
151945 28
152003 16
152049 10
152069 13
152125 23
152195 13
152238 21
152312 30
152353 13
152365 15
152457 30
152498 10
152548 13
152553 36
152626 7
152643 20
152671 30
152733 5
152787 8
152845 36
152941 34
153031 34
153125 22
153173 26
153243 27
153335 39
153378 38
153473 1
153557 15
153619 2
153641 28
153655 30
153684 23
153782 26
153846 12
153900 16
153932 4
154011 18
154079 30
154147 18
154210 25
154307 5
154346 21
154445 16
154477 11
154527 27
154565 22
154653 10
154662 4
154715 16
154738 18
154753 23
154758 34
154781 17
154829 36
154852 3
154912 10
154971 15
155002 32
155017 24
155053 39
155137 5
155214 17
155251 25
155338 27
155395 38
155430 31
155486 24
155563 19
155655 7
155732 33
155788 39
155801 19
155856 30
155869 38
155963 13
155994 16
156018 7
156025 32
156079 16
156169 21
156177 36
156219 10
156299 15
156394 4
156400 27
156418 17
156513 21
156598 29
156683 19
156768 9
156847 8
156922 3
157018 24
157047 35
157067 5
157162 11
157241 12
157284 6
157300 9
157393 1
157410 1
157477 28
157511 6
157535 1
157587 7
157638 38
157683 25
157746 0
157786 22
157871 36
157950 36
158013 8
158088 32
158186 1
158237 26
158300 4
158355 11
158444 23
158533 2
158547 16
158613 38
158642 14
158724 36
158805 30
158891 27
158899 35
158952 9
159009 39
159041 12
159126 35
159184 11
159283 5
159295 37
159395 30
159428 9
159440 12
159484 31
159547 19
159607 29
159685 25
159742 9
159840 3
159918 19
159949 38
159992 29
160033 21
160089 39
160189 22
160261 17
160275 37
160360 20
160380 27
160419 19
160456 36
160461 9
160561 39
160607 7
160680 35
160760 16
160810 34
160851 29
160925 5
160929 33
160930 16
161006 4
161095 21
161185 10
161256 37
161351 32
161387 20
161484 34
161521 4
161588 27
161619 24
161654 34
161729 34
161824 1
161897 14
161968 0
161994 34
162056 10
162080 23
162132 25
162218 27
162306 24
162389 21
162463 33
162512 2
162568 13
162580 29
162648 9
162670 29
162742 2
162801 1
162804 3
162827 8
162857 10
162894 27
162955 11
162961 31
162981 38
162984 40
163051 19
163069 36
163144 36
163238 21
163288 3
163351 32
163402 37
163466 20
163515 31
163561 38
163567 15
163635 25
163685 7
163746 29
163770 4
163820 15
163834 9
163903 36
163963 23
163987 22
164084 32
164091 29
164164 32
164248 37
164320 4
164382 0
164437 26
164530 9
164569 7
164637 35
164692 35
164791 11
164851 8
164894 4
164953 25
164997 40
165042 10
165087 36
165132 30
165179 0
165199 32
165252 10
165338 12
165364 18
165454 19
165516 19
165575 33
165659 24
165718 28
165798 13
165881 27
165963 34
166020 33
166041 30
166097 23
166186 1
166220 35
166226 18
166260 10
166355 24
166407 29
166412 35
166466 36
166517 33
166609 10
166658 4
166676 20
166711 9
166753 18
166799 29
166852 20
166870 37
166872 30
166935 34
167004 7
167029 32
167053 1
167065 18
167095 28
167189 20
167259 23
167275 32
167283 31
167366 25
167430 23
167513 36
167548 5
167578 24
167612 7
167626 24
167644 9
167663 7
167721 32
167759 31
167857 11
167878 2
167971 34
168026 32
168117 1
168179 36
168215 25
168230 2
168299 6
168302 0
168358 12
168374 28
168382 8
168395 33
168483 24
168555 11
168622 6
168641 19
168649 26
168716 35
168798 19
168850 35
168892 10
168926 1
169015 25
169094 15
169159 5
169241 1
169315 38
169318 4
169332 38
169341 5
169417 1
169486 14
169521 18
169612 31
169649 29
169728 11
169763 1
169788 33
169826 35
169892 38
169906 34
169986 18
169996 39
170043 35
170050 24
170080 31
170123 37
170188 29
170231 30
170298 11
170376 7
170427 36
170432 24
170446 30
170545 23
170576 35
170604 28
170672 4
170763 40
170781 36
170816 13
170828 26
170876 2
170966 39
171056 10
171061 20
171115 30
171188 29
171283 26
171300 29
171365 10
171440 35
171451 12
171471 28
171493 5
171547 34
171559 29
171645 11
171726 36
171751 19
171828 34
171928 1
171939 0
171953 7
172024 14
172106 39
172116 21
172197 16
172227 22
172320 8
172325 9
172376 22
172455 38
172537 11
172628 1
172718 11
172812 32
172887 36
172928 29
173015 5
173088 2
173176 26
173212 25
173249 21
173338 28
173392 36
173448 32
173524 39
173568 25
173614 8
173644 3
173706 11
173777 31
173866 6
173912 24
173978 6
174035 40
174072 24
174115 9
174176 4
174214 11
174270 15
174336 24
174354 6
174437 18
174477 13
174512 19
174538 19
174582 37
174637 37
174730 9
174829 38
174889 19
174952 2
175013 4
175088 33
175171 30
175215 39
175310 17
175316 36
175416 32
175486 29
175487 20
175562 15
175659 36
175668 28
175690 37
175701 2
175746 19
175823 36
175855 24
175924 4
176013 19
176062 38
176076 24
176121 9
176204 16
176242 16
176317 11
176391 11
176429 36
176484 2
176572 19
176604 21
176685 10
176784 27
176865 12
176955 35
177045 3
177071 38
177083 14
177140 22
177185 9
177229 21
177279 4
177324 39
177335 32
177413 17
177453 3
177524 36
177606 19
177674 36
177752 11
177809 23
177876 39
177882 12
177883 16
177929 39
177930 38
178015 10
178054 30
178099 36
178129 32
178163 18
178227 22
178322 12
178362 37
178438 24
178476 36
178477 3
178525 15
178565 26
178568 20
178625 21
178719 1
178750 7
178804 9
178840 24
178926 7
179012 27
179039 4
179100 2
179129 9
179203 15
179245 13
179294 24
179319 7
179369 27
179462 38
179546 9
179637 30
179642 19
179669 34
179673 13
179748 6
179813 38
179858 4
179923 16
179935 34
179963 38
179983 9
180072 39
180163 35
180191 15
180254 25
180306 33
180321 22
180340 14
180352 18
180392 17
180472 30
180477 40
180520 18
180526 14
180549 21
180597 21
180648 24
180713 7
180766 2
180794 10
180883 1
180909 5
180986 35
181063 20
181072 7
181169 32
181197 39
181276 39
181313 17
181385 39
181435 29
181526 13
181626 5
181701 22
181781 28
181818 34
181883 11
181918 36
181988 12
182012 13
182091 30
182093 16
182135 39
182231 38
182248 32
182345 8
182353 19
182435 40
182477 1
182534 36
182632 15
182685 10
182749 25
182767 19
182808 35
182877 24
182940 35
183024 9
183061 4
183088 4
183186 30
183247 1
183294 12
183382 39
183399 31
183449 12
183488 30
183512 25
183529 36
183536 24
183540 10
183541 21
183544 18
183601 22
183686 12
183734 36
183810 29
183815 31
183885 19
183984 36
184079 8
184129 23
184145 31
184158 29
184171 3
184190 19
184259 0
184346 15
184375 7
184397 36
184489 13
184536 11
184627 11
184665 33
184706 23
184728 33
184813 2
184911 28
184975 23
185008 36
185050 7
185079 25
185154 5
185216 9
185311 32
185339 20
185373 31
185455 26
185477 36
185574 24
185621 22
185697 20
185716 1
185769 14
185843 31
185899 4
185933 31
185982 17
185994 3
185998 6
186001 20
186056 22
186065 9
186107 36
186179 10
186208 8
186271 27
186326 7
186373 31
186397 16
186480 10
186521 17
186539 29
186603 1
186628 31
186727 14
186821 8
186859 18
186889 16
186980 21
187024 5
187111 0
187174 17
187247 16
187315 21
187376 39
187407 29
187495 3
187587 33
187663 2
187750 2
187847 32
187877 32
187901 20
187962 27
188025 17
188068 23
188125 37
188161 10
188182 23
188244 5
188292 3
188356 1
188420 1
188507 21
188555 11
188616 11
188709 1
188738 17
188817 38
188877 2
188886 8
188979 32
188988 20
188996 1
189018 37
189059 23
189125 29
189152 14
189188 9
189260 10
189265 25
189269 17
189294 4
189348 33
189365 3
189441 3
189515 2
189558 32
189592 21
189689 36
189743 31
189781 31
189834 17
189848 19
189926 13
190010 22
190037 7
190065 26
190071 5
190142 26
190221 9
190246 27
190313 2
190387 15
190452 24
190519 30
190619 17
190660 24
190737 31
190751 17
190763 30
190820 28
190890 2
190947 19
190956 3
190992 24
191032 1
191101 10
191144 14
191235 25
191322 23
191369 30
191381 2
191451 20
191466 10
191554 26
191580 16
191674 7
191698 12
191771 36
191819 36
191853 11
191934 21
191951 10
192037 7
192060 4
192061 2
192075 16
192137 24
192211 26
192245 19
192299 29
192339 30
192437 30
192531 21
192552 22
192586 11
192597 26
192646 30
192701 1
192738 37
192773 30
192794 32
192828 23
192830 2
192925 0
193011 5
193033 2
193040 28
193069 34
193113 29
193144 13
193222 9
193249 11
193269 14
193357 27
193423 18
193474 22
193518 6
193561 36
193647 3
193720 23
193812 15
193818 27
193833 19
193921 20
193967 22
194037 7
194084 24
194105 24
194124 1
194189 11
194227 26
194242 32
194326 0
194391 9
194417 30
194433 23
194447 9
194474 18
194560 30
194582 1
194623 11
194665 8
194671 2
194770 32
194855 22
194916 12
194973 2
195001 37
195078 15
195125 35
195191 24
195257 2
195283 10
195336 34
195387 2
195436 14
195502 30
195600 8
195641 39
195648 22
195654 37
195683 10
195773 39
195795 7
195847 27
195850 17
195912 1
195926 4
195960 22
195971 13
196007 11
196089 17
196183 26
196189 14
196191 31
196205 3
196230 3
196290 8
196355 6
196393 18
196431 21
196514 13
196604 31
196645 37
196731 33
196750 33
196819 31
196914 3
196994 39
197083 24
197086 11
197171 27
197264 32
197340 20
197375 25
197384 3
197385 22
197480 6
197524 2
197619 23
197646 10
197697 6
197749 7
197779 38
197857 34
197894 9
197967 5
198013 24
198097 29
198143 36
198158 9
198221 30
198298 39
198385 26
198437 37
198471 8
198522 36
198598 23
198643 10
198741 14
198839 32
198884 39
198978 34
199027 37
199117 14
199177 19
199261 18
199285 32
199365 6
199376 33
199409 1
199508 29
199540 12
199636 40
199662 39
199742 4
199820 33
199835 10
199890 29
199955 27
199959 17
200037 13
200137 38
200182 39
200235 1
200280 13
200317 18
200380 5
200449 17
200541 23
200553 1
200620 36
200653 34
200682 31
200760 17
200838 27
200879 23
200963 4
201009 36
201058 33
201074 9
201119 3
201169 13
201216 3
201238 10
201335 24
201423 23
201464 20
201545 23
201555 12
201585 39
201641 39
201725 33
201738 28
201756 8
201792 33
201891 30
201931 25
201996 9
202086 23
202112 26
202184 9
202264 5
202305 23
202364 28
202454 13
202478 35
202544 28
202625 4
202650 28
202669 18
202753 4
202846 2
202943 30
202981 14
203081 20
203162 31
203255 28
203343 16
203391 38
203416 27
203458 2
203459 36
203483 36
203565 6
203583 1
203598 26
203629 34
203677 36
203688 14
203761 8
203818 31
203898 34
203964 34
203995 21
204091 35
204139 36
204238 23
204291 35
204339 0
204426 35
204430 16
204472 26
204488 9
204571 23
204663 27
204723 12
204783 15
204877 40
204905 29
204987 4
205016 32
205113 37
205194 21
205215 16
205237 10
205295 23
205310 16
205398 39
205470 30
205570 31
205612 23
205678 31
205732 33
205821 1
205900 14
205976 14
206045 5
206051 9
206138 24
206228 33
206257 33
206335 30
206369 31
206371 10
206416 32
206482 25
206483 12
206555 0
206599 37
206685 36
206718 26
206771 33
206837 15
206883 16
206886 14
206930 31
207030 10
207071 34
207151 32
207175 27
207257 11
207270 33
207282 26
207330 9
207424 35
207503 26
207540 12
207554 39
207586 25
207644 7
207658 16
207696 25
207770 39
207818 7
207887 29
207913 13
208004 38
208100 6
208190 24
208233 15
208330 26
208333 36
208418 10
208467 38
208488 11
208504 40
208597 25
208674 22
208678 28
208689 34
208770 27
208826 37
208869 27
208891 11
208982 19
209016 12
209065 16
209138 8
209229 39
209276 6
209327 36
209381 38
209473 8
209540 34
209543 22
209583 31
209658 25
209692 7
209721 24
209723 17
209752 39
209834 6
209876 10
209923 29
210015 39
210042 3
210142 5
210218 5
210300 0
210356 8
210391 2
210480 1
210522 14
210578 9
210612 29
210650 8
210730 14
210735 14
210780 28
210814 9
210904 12
210994 1
211052 28
211059 16
211099 18
211168 9
211228 21
211263 10
211305 35
211331 20
211360 24
211386 26
211460 31
211540 36
211557 28
211639 24
211655 5
211726 33
211817 26
211835 32
211853 27
211888 20
211902 18
211910 25
212005 22
212006 18
212084 36
212163 17
212190 3
212231 11
212323 18
212356 9
212442 40
212459 13
212526 11
212595 24
212638 19
212662 8
212681 24
212702 12
212718 8
212787 10
212833 15
212930 6
212946 31
212985 20
213060 6
213124 19
213153 16
213242 36
213271 19
213292 29
213386 29
213405 28
213424 22
213484 40
213521 25
213587 19
213667 5
213766 7
213836 7
213892 25
213972 11
214023 21
214070 39
214101 39
214193 11
214213 36
214288 2
214300 12
214312 2
214338 12
214428 29
214437 21
214461 12
214519 2
214580 38
214621 37
214719 2
214737 34
214826 17
214858 31
214891 32
214945 38
215022 13
215090 36
215157 20
215160 22
215204 37
215215 5
215308 22
215378 23
215452 26
215550 13
215580 31
215624 22
215672 12
215735 1
215823 6
215919 13
215923 19
215975 25
216002 32
216006 26
216062 32
216146 25
216171 26
216241 38
216256 13
216316 12
216379 22
216478 12
216572 33
216596 37
216645 26
216662 1
216744 29
216796 3
216823 1
216871 23
216872 25
216875 20
216881 39
216904 1
216924 25
217000 2
217040 37
217083 10
217129 20
217145 38
217196 11
217232 8
217278 10
217356 5
217400 2
217469 18
217498 2
217538 26
217611 16
217616 19
217667 25
217716 32
217719 27
217817 28
217899 33
217932 25
217985 28
218034 16
218083 8
218098 22
218149 19
218243 23
218325 39
218378 4
218423 38
218487 39
218548 14
218622 21
218647 11
218651 38
218680 37
218772 39
218842 24
218905 37
218933 25
219033 26
219123 37
219124 36
219210 10
219298 39
219304 32
219341 38
219407 24
219442 6
219488 26
219582 12
219650 27
219713 3
219769 16
219808 8
219873 7
219886 23
219936 9
219980 37
220042 10
220129 22
220187 22
220215 23
220301 20
220356 22
220432 7
220501 8
220575 37
220605 14
220631 38
220697 26
220771 4
220817 27
220868 18
220907 18
220961 37
221021 15
221030 38
221033 23
221086 18
221131 36
221160 10
221194 14
221199 40
221206 33
221288 22
221375 7
221456 12
221528 15
221621 1
221702 11
221733 30
221826 12
221861 2
221873 11
221880 22
221958 14
221994 31
222033 34
222057 1
222077 21
222176 36
222240 29
222314 25
222407 5
222447 37
222452 36
222465 20
222491 12
222529 18
222580 28
222613 4
222678 21
222731 19
222735 37
222754 27
222832 4
222916 2
222957 22
223037 23
223090 11
223130 1
223151 37
223170 18
223193 12
223194 18
223268 20
223280 39
223345 3
223424 16
223489 12
223527 5
223569 14
223626 11
223696 33
223719 6
223727 12
223754 38
223837 30
223909 9
223965 30
223996 8
223999 34
224092 18
224187 6
224217 8
224275 39
224345 11
224437 10
224456 2
224476 33
224565 3
224628 1
224695 13
224729 13
224747 37
224808 27
224875 31
224937 34
224976 4
225056 29
225101 29
225173 39
225176 13
225228 38
225319 21
225345 14
225416 16
225444 32
225452 23
225456 14
225466 1
225556 31
225564 37
225596 22
225664 29
225743 32
225807 26
225817 38
225838 37
225929 24
225969 22
225990 13
226025 28
226074 2
226127 17
226175 16
226218 9
226265 21
226296 0
226350 0
226377 35
226397 34
226464 24
226510 4
226575 33
226640 19
226724 10
226730 38
226771 4
226803 10
226899 36
226960 1
227015 1
227066 9
227117 1
227196 26
227224 31
227252 30
227266 26
227327 24
227345 28
227398 21
227412 4
227464 38
227538 29
227564 5
227589 40
227648 39
227745 19
227796 18
227873 15
227888 15
227944 19
227997 37
228034 19
228087 14
228118 22
228130 23
228230 13
228303 31
228373 14
228418 25
228419 11
228468 4
228504 1
228545 27
228636 18
228693 2
228727 26
228777 3
228828 26
228900 28
228916 15
228938 26
228954 26
228967 10
228989 11
229014 9
229025 11
229071 14
229089 32
229143 36
229160 12
229243 5
229274 39
229288 32
229335 12
229418 27
229423 37
229521 14
229611 16
229663 8
229674 1
229771 40
229825 1
229862 14
229929 24
229950 18
230001 18
230083 26
230177 25
230188 19
230276 10
230286 3
230327 40
230388 36
230480 12
230514 8
230606 40
230622 17
230668 21
230731 23
230826 33
230882 34
230899 17
230969 2
231022 28
231064 19
231095 33
231188 26
231242 1
231289 2
231328 10
231374 6
231461 36
231486 28
231516 35
231520 30
231579 1
231584 15
231591 1
231626 40
231641 15
231668 22
231682 14
231732 16
231774 28
231837 33
231916 33
231982 11
231993 33
232027 11
232066 11
232093 6
232129 0
232188 5
232255 37
232312 3
232362 10
232432 28
232459 31
232533 28
232538 8
232588 23
232679 10
232692 30
232738 16
232792 38
232860 16
232899 17
232935 36
232967 7
232973 13
233007 21
233014 14
233030 11
233101 9
233181 3
233270 0
233330 24
233400 12
233414 32
233423 39
233496 19
233584 15
233607 33
233622 14
233653 14
233711 12
233795 20
233868 19
233888 25
233934 11
233974 19
234002 10
234042 26
234109 29
234204 14
234296 19
234383 26
234441 15
234536 14
234606 13
234700 5
234742 32
234782 13
234826 5
234882 27
234884 20
234928 36
235000 30
235018 30
235052 24
235122 17
235170 29
235208 20
235287 2
235314 0
235339 11
235381 30
235385 17
235436 39
235499 35
235505 4
235520 28
235605 11
235650 28
235680 14
235721 36
235761 28
235833 15
235889 10
235904 32
235945 9
235991 36
236035 12
236100 8
236151 29
236165 38
236257 9
236295 21
236346 6
236351 8
236408 28
236457 15
236464 12
236476 9
236524 13
236613 12
236660 19
236738 9
236766 4
236865 33
236906 31
236947 23
236995 30
237050 4
237073 28
237126 27
237224 2
237302 0
237332 35
237376 26
237402 35
237487 35
237569 37
237668 7
237735 8
237803 35
237816 1
237889 28
237960 30
237988 19
238011 11
238049 40
238091 18
238093 24
238163 5
238229 38
238289 20
238290 4
238292 30
238350 34
238399 19
238416 23
238506 38
238550 38
238626 18
238628 2
238658 32
238712 26
238747 27
238814 21
238816 34
238817 30
238893 12
238901 16
238907 33
238978 38
238993 34
239046 35
239137 19
239178 21
239268 24
239314 16
239374 36
239453 10
239454 18
239498 14
239520 23
239555 19
239565 11
239618 20
239630 16
239634 30
239687 14
239727 34
239750 20
239810 39
239844 2
239859 37
239870 18
239950 35
239985 21
239995 3
240052 2
240138 8
240168 27
240243 11
240257 10
240296 9
240315 30
240415 23
240421 20
240422 30
240439 26
240492 16
240539 17
240541 23
240576 12
240625 39
240722 4
240769 19
240861 19
240943 39
240954 18
240992 19
241079 17
241161 27
241232 33
241288 28
241370 2
241396 22
241451 37
241490 11
241540 24
241594 28
241691 10
241768 25
241833 13
241870 11
241959 29
242012 7
242017 30
242102 34
242200 23
242293 21
242361 23
242443 23
242533 40
242578 25
242643 22
242704 1
242790 24
242810 21
242898 37
242981 25
243079 35
243148 33
243155 29
243226 36
243258 25
243292 38
243294 7
243348 29
243365 34
243462 35
243468 18
243506 35
243594 14
243623 16
243678 4
243750 36
243755 29
243792 35
243872 27
243940 15
243941 37
243943 16
243968 22
244031 20
244125 36
244210 19
244218 14
244255 35
244282 35
244371 28
244461 1
244486 19
244579 15
244651 29
244681 5
244749 36
244813 36
244819 29
244915 30
244950 26
244973 32
245060 39
245077 6
245160 30
245195 10
245246 17
245259 33
245328 24
245394 33
245483 32
245530 11
245627 25
245639 28
245694 32
245779 13
245780 38
245819 36
245835 20
245855 2
245901 19
245993 0
246086 39
246097 4
246128 28
246224 5
246297 21
246317 8
246406 38
246482 2
246573 26
246577 26
246595 37
246600 12
246674 8
246705 12
246762 27
246797 16
246873 28
246971 17
247055 5
247101 9
247201 14
247286 20
247335 37
247354 2
247445 31
247503 27
247590 8
247685 27
247744 38
247824 32
247909 1
247997 19
248076 33
248156 33
248239 30
248264 2
248295 4
248367 38
248440 3
248515 8
248601 30
248644 22
248659 7
248694 28
248787 21
248880 2
248957 12
248960 22
249049 35
249126 26
249142 23
249156 18
249162 35
249181 14
249216 16
249291 2
249339 9
249404 28
249449 25
249530 5
249615 8
249708 29
249795 7
249813 8
249882 21
249884 4
249932 37
250029 38
250083 10
250172 26
250218 40
250222 33
250244 4
250290 33
250301 35
250315 11
250321 9
250416 8
250433 21
250506 24
250571 32
250621 3
250679 7
250770 21
250801 16
250880 37
250965 40
250998 15
251096 20
251168 21
251201 14
251236 6
251327 0
251391 4
251419 37
251494 5
251531 35
251586 7
251648 8
251670 19
251728 37
251795 3
251817 28
251870 15
251914 16
251957 23
251988 2
252045 19
252117 22
252174 30
252233 3
252260 19
252320 32
252345 3
252353 20
252447 22
252539 9
252608 17
252642 8
252729 37
252814 37
252858 5
252881 16
252915 29
253002 15
253027 9
253103 2
253136 11
253177 39
253219 23
253298 18
253349 15
253422 6
253465 19
253470 19
253507 10
253560 33
253601 28
253668 27
253670 17
253697 35
253722 1
253806 5
253871 4
253888 25
253985 15
254036 7
254095 4
254105 3
254127 33
254153 28
254239 18
254328 18
254390 9
254476 17
254526 14
254598 4
254640 31
254714 0
254754 31
254836 9
254928 24
254936 32
255036 12
255109 20
255138 21
255199 7
255247 6
