1000
697669
252268
736984
997405
760519
369042
812665
284379
655118
590122
405045
740075
302824
283571
844889
754608
188100
940639
201267
397404
268426
158711
419146
744034
583308
434597
368878
881414
614249
156373
355969
705107
290165
595307
101522
737831
588700
499793
152280
812816
578958
874671
430401
524908
246867
634889
411296
821842
441585
310047
504555
752955
414246
196296
135793
638957
833122
992950
514097
425922
100164
931250
670129
598745
334153
699937
549910
707516
282049
207058
265908
688306
888358
388450
818445
393755
728309
894237
597166
948418
123301
547035
539828
404201
651817
603013
390860
193868
559513
462564
904709
595750
985695
726358
812652
647707
304541
831656
290755
546930
184979
703779
639793
334527
144139
816249
864597
125795
377851
742038
910647
938884
495783
565679
402620
553128
491422
365927
946927
731140
409076
456041
248002
819484
302348
670158
702611
262000
575798
270738
189213
896653
703482
150235
863438
419521
907242
305300
360062
835568
738416
365064
816017
817475
551916
965824
199966
520015
423737
359523
256285
938613
884728
559615
237853
728938
555776
820308
132179
473981
213637
702596
549996
207112
652825
113994
335402
445548
702241
983099
645886
286121
105865
211359
992724
144012
640024
430527
367568
336524
570192
282595
838262
316275
114453
250599
111924
243867
912382
234500
863744
186934
273121
886081
721930
135819
815067
708904
264649
537921
730422
754418
817774
440638
713637
970163
932748
773369
566891
193841
188913
225248
552739
795654
903789
931042
864334
333721
192659
502225
102070
191535
533165
567740
219354
558951
112999
219783
489428
956905
328944
931119
265878
829646
606101
815773
464820
497624
602638
144290
317850
338554
676976
818541
145586
738495
634195
477466
982292
790888
271484
581346
616245
762424
535851
638887
321252
350033
321283
254685
957163
812965
383941
609985
864896
257794
959370
723093
289552
188015
566221
466709
731082
148368
284375
763515
514559
714624
522154
480859
924756
635533
237491
698540
785420
747597
414873
503453
393795
967214
594521
214787
276340
447952
187126
504885
954613
166990
953644
887792
779124
911101
287913
894277
324666
804774
850263
567876
578048
772335
224327
606628
827879
840424
329929
421630
675474
685401
824565
217298
842920
555917
429297
322338
593494
451434
290369
383130
961242
779489
808902
447569
760979
634361
701734
113654
447619
343213
473873
980645
897333
846996
925404
621459
842887
987892
386907
435916
218022
765496
829411
369211
342424
836345
144872
323207
581804
965575
400783
873232
614405
567133
606634
798559
963432
776758
845648
293517
238689
316275
974011
432260
311527
843919
319965
995923
630512
807838
479451
605601
164526
854452
265107
295746
950078
539690
205144
924633
589489
478527
531850
482043
942430
600641
466239
430200
340362
226845
658027
166128
242243
193390
297227
901747
791485
497150
157684
498504
616380
148948
692695
773965
586124
795181
808705
759953
402026
410888
848480
523741
671614
921014
704028
760162
784425
591967
489829
710885
477680
889764
755561
503666
249810
413322
463357
971136
657224
363359
504260
552928
482006
706639
408253
540540
785831
757884
895918
247249
791936
706286
128174
929473
378365
234285
494513
321228
489362
537065
217322
299517
107320
446799
120824
726615
393387
289029
624155
272801
431823
837569
202728
138666
906627
395551
141735
964974
612761
263487
974330
126540
696048
342580
918949
771393
861590
826087
225300
115525
918809
242128
581774
220159
246037
304743
545607
135206
685815
681637
247153
596802
233729
723117
815425
954366
603557
989507
122846
982813
192550
529539
708467
325875
562734
190781
603469
764740
527850
349430
865025
567300
163728
608629
353992
289694
355795
982569
892629
701884
849944
106528
379159
931123
116333
477528
892811
972931
527154
964582
267836
872083
803241
242486
922975
489270
533661
355898
657425
155255
701273
780866
607356
436384
816612
679853
533073
625099
469124
625731
698571
620988
196878
420961
232869
186021
250379
777343
309541
185206
297970
630537
337585
563268
181594
992941
764058
921241
685654
864722
756033
999896
425143
837373
100610
169077
499172
942775
214511
436480
944454
367711
603806
901423
366010
646847
775204
482279
109617
836954
338890
756317
146357
572219
857285
170736
543281
144088
354789
823670
915794
611831
939445
604402
869697
698675
295844
359504
420350
163791
686848
307604
662831
873061
240751
930258
126730
436162
297257
534747
317737
381779
911623
848700
625832
999715
953538
852924
980088
929874
625796
455084
687985
390841
520685
432622
428266
999404
131725
667335
451002
515700
161928
945826
250105
131285
193485
273296
431467
927026
144005
207118
846830
820041
605933
634015
700207
190744
978569
869982
745136
442920
379415
490476
537995
331763
619618
371990
452375
808128
601991
127326
404437
629921
183744
802036
319850
965797
698594
594546
906229
780242
521456
153062
885869
518678
608253
867943
784908
886669
732414
337522
120834
261743
922199
108082
236284
671452
507831
918341
511667
821495
820920
623339
425035
116678
802681
316908
736297
803896
414165
734410
492150
484023
963752
964894
921463
326353
604606
119316
723510
751674
587082
565705
175713
364469
106491
242693
707722
175662
665751
648398
557966
780252
182879
184734
959321
898117
728026
869190
715996
391344
231646
981011
572504
998004
845372
636811
297990
957304
186618
909931
166845
488514
294831
759992
334412
355214
547625
160565
110187
659987
609186
660634
238144
765766
276443
711897
401144
879018
105572
123346
598326
735416
403320
432165
620028
606071
993201
177708
519097
469679
944703
750418
989043
755820
581552
169452
585420
422887
850321
704106
450491
667461
859002
156009
782158
571012
842866
806737
821561
233474
335667
418972
951732
163272
411605
431429
185193
862666
239964
728341
362013
469917
641468
640507
715284
858768
671591
482324
284214
206990
226476
978257
128697
401465
672854
930865
876413
347310
650006
149015
763204
286463
356147
385622
234012
625731
798685
925770
444215
250123
984258
722754
282922
221979
442093
980574
125992
318494
440725
923390
899421
460541
622523
714570
106997
357410
390274
650266
490418
480739
555015
837882
312660
190948
965137
175550
213769
355846
506495
189552
160082
745820
138109
134090
222732
503722
795334
906717
959372
692279
904873
657918
906585
726615
249594
402662
663939
641576
378624
876602
335456
248419
535352
963475
695107
246375
510094
191974
256842
366542
866804
770146
811999
351172
863308
253600
422432
588432
591838
603275
562075
483557
690893
798138
575866
897097
931297
586044
941353
662474
511610
572192
977221
629892
854096
911663
310467
174634
438982
976356
993628
703359
749875
692829
825474
234726
845918
655413
863307
995993
980230
175507
149738
775349
414526
851898
557525
737213
487608
798010
315078
924049
250620
594367
854932
394611
792925
282107
497076
951645
943133
347798
249449
615481
609647
858716
733682
998063
972663
441139
151178
375883
722736
945359
682244
436103
522453
301871
315365
102197
454137
573253
687025
640972
761278
169578
552738
255507
837897
530862
